0 0.051667 0.057500 0.103333 0.110000
0 0.197500 0.042500 0.075000 0.085000
0 0.029167 0.296250 0.051667 0.072500
0 0.085000 0.310000 0.090000 0.100000
0 0.222500 0.433750 0.051667 0.202500
0 0.062500 0.600000 0.105000 0.140000
0 0.310000 0.555000 0.120000 0.230000
0 0.390000 0.395000 0.123333 0.110000
0 0.479167 0.342500 0.055000 0.075000
0 0.438333 0.416250 0.080000 0.052500
0 0.514167 0.428750 0.061667 0.112500
0 0.599167 0.412500 0.078333 0.175000
0 0.685000 0.501250 0.080000 0.087500
0 0.800000 0.583750 0.153333 0.112500
0 0.700000 0.602500 0.130000 0.125000
0 0.812500 0.740000 0.075000 0.170000
0 0.860000 0.071250 0.083333 0.117500
0 0.958333 0.167500 0.080000 0.200000
0 0.715833 0.190000 0.071667 0.200000
0 0.710833 0.410000 0.091667 0.110000
0 0.601667 0.258750 0.110000 0.122500
0 0.546667 0.276250 0.043333 0.147500
0 0.475000 0.055000 0.056667 0.110000
0 0.537500 0.148750 0.095000 0.297500
0 0.619167 0.585000 0.081667 0.130000
0 0.583333 0.747500 0.130000 0.135000
0 0.522500 0.706250 0.088333 0.097500
0 0.580833 0.861250 0.058333 0.107500
0 0.691667 0.861250 0.160000 0.077500
0 0.646667 0.917500 0.153333 0.105000
0 0.511667 0.933750 0.086667 0.127500
0 0.299167 0.901250 0.145000 0.097500
0 0.265833 0.872500 0.068333 0.160000
0 0.152500 0.900000 0.091667 0.165000