0 0.215833 0.070000 0.065000 0.140000
0 0.170833 0.165000 0.071667 0.210000
4 0.245000 0.378750 0.140000 0.197500
1 0.384167 0.340000 0.061667 0.095000
0 0.531667 0.312500 0.153333 0.135000
0 0.318333 0.492500 0.140000 0.095000
0 0.069167 0.443750 0.095000 0.247500
0 0.227500 0.748750 0.188333 0.192500
0 0.425000 0.686250 0.173333 0.172500
0 0.418333 0.752500 0.100000 0.220000
0 0.534167 0.640000 0.121667 0.175000
0 0.690000 0.877500 0.150000 0.215000
0 0.939167 0.862500 0.115000 0.170000
0 0.312500 0.928750 0.111667 0.132500
0 0.223333 0.897500 0.120000 0.085000