0 0.137500 0.145000 0.175000 0.060000
0 0.255000 0.055000 0.086667 0.110000
0 0.436667 0.047500 0.156667 0.040000
0 0.507500 0.197500 0.101667 0.180000
0 0.481667 0.255000 0.130000 0.165000
0 0.905833 0.291250 0.131667 0.112500
0 0.943333 0.401250 0.110000 0.077500
0 0.705000 0.541250 0.080000 0.217500
0 0.704167 0.386250 0.135000 0.132500
0 0.300833 0.276250 0.111667 0.197500
0 0.298333 0.472500 0.146667 0.085000
0 0.397500 0.600000 0.078333 0.220000
0 0.229167 0.687500 0.178333 0.095000
0 0.235000 0.775000 0.130000 0.050000
0 0.054167 0.587500 0.105000 0.070000
0 0.641667 0.867500 0.070000 0.205000
0 0.818333 0.587500 0.153333 0.120000
0 0.072500 0.905000 0.068333 0.150000
0 0.170000 0.940000 0.156667 0.100000
1 0.547500 0.371250 0.048333 0.067500