0 0.343333 0.100000 0.050000 0.200000
0 0.420833 0.107500 0.105000 0.155000
0 0.235833 0.040000 0.035000 0.080000
0 0.372500 0.338750 0.035000 0.157500
0 0.470000 0.375000 0.060000 0.180000
0 0.486667 0.387500 0.120000 0.115000
0 0.565833 0.315000 0.028333 0.215000
0 0.605000 0.103750 0.103333 0.207500
0 0.769167 0.278750 0.095000 0.142500
0 0.820833 0.196250 0.091667 0.142500
0 0.805833 0.137500 0.028333 0.150000
0 0.924167 0.118750 0.078333 0.157500
0 0.816667 0.031250 0.070000 0.062500
0 0.753333 0.201250 0.140000 0.072500
0 0.718333 0.511250 0.120000 0.162500
0 0.556667 0.616250 0.100000 0.182500
0 0.661667 0.686250 0.110000 0.062500
0 0.712500 0.680000 0.055000 0.130000
0 0.685833 0.767500 0.081667 0.110000
0 0.838333 0.712500 0.036667 0.245000
0 0.883333 0.645000 0.066667 0.145000
0 0.931667 0.662500 0.130000 0.165000
0 0.924167 0.542500 0.058333 0.100000
0 0.938333 0.876250 0.113333 0.132500
0 0.774167 0.806250 0.081667 0.107500
0 0.661667 0.892500 0.070000 0.110000
0 0.651667 0.855000 0.070000 0.075000
0 0.657500 0.928750 0.065000 0.097500
0 0.608333 0.806250 0.063333 0.107500
0 0.416667 0.682500 0.153333 0.025000
0 0.387500 0.605000 0.108333 0.055000
0 0.395000 0.746250 0.156667 0.032500
0 0.361667 0.497500 0.070000 0.115000
0 0.202500 0.518750 0.168333 0.157500
0 0.085000 0.521250 0.060000 0.187500
0 0.242500 0.893750 0.041667 0.142500
0 0.179167 0.880000 0.085000 0.125000
0 0.147500 0.943750 0.055000 0.107500
0 0.021667 0.601250 0.040000 0.057500
0 0.022500 0.265000 0.041667 0.140000
0 0.035000 0.161250 0.066667 0.202500