0 0.110000 0.115000 0.063333 0.090000
0 0.120000 0.250000 0.046667 0.120000
0 0.093333 0.191250 0.036667 0.062500
1 0.040000 0.442500 0.060000 0.075000
0 0.335833 0.632500 0.068333 0.125000
3 0.390000 0.673750 0.043333 0.072500
0 0.248333 0.665000 0.106667 0.110000
0 0.136667 0.782500 0.053333 0.070000
0 0.053333 0.793750 0.083333 0.222500
0 0.060833 0.938750 0.118333 0.092500
0 0.640000 0.855000 0.146667 0.130000
0 0.835833 0.917500 0.081667 0.155000
0 0.559167 0.312500 0.155000 0.165000
3 0.715000 0.923750 0.026667 0.057500
1 0.090000 0.337500 0.053333 0.065000
0 0.478333 0.080000 0.143333 0.160000
0 0.673333 0.075000 0.103333 0.090000
0 0.757500 0.048750 0.081667 0.097500
1 0.703333 0.217500 0.046667 0.065000