0 0.221667 0.236250 0.186667 0.067500
0 0.268333 0.296250 0.146667 0.077500
0 0.532500 0.488750 0.111667 0.132500
0 0.630833 0.311250 0.058333 0.217500
0 0.415833 0.627500 0.085000 0.060000
0 0.414167 0.697500 0.161667 0.035000
0 0.459167 0.562500 0.095000 0.065000
0 0.417500 0.821250 0.148333 0.077500
0 0.207500 0.831250 0.158333 0.057500
0 0.667500 0.847500 0.135000 0.185000
4 0.324167 0.541250 0.095000 0.132500
1 0.025000 0.838750 0.046667 0.077500
1 0.336667 0.907500 0.046667 0.065000
1 0.505833 0.643750 0.098333 0.107500
1 0.262500 0.366250 0.048333 0.057500
1 0.065000 0.058750 0.066667 0.077500