0 0.265833 0.181250 0.115000 0.122500
0 0.344167 0.298750 0.048333 0.122500
0 0.305000 0.250000 0.086667 0.135000
0 0.320000 0.446250 0.030000 0.172500
0 0.297500 0.575000 0.088333 0.085000
0 0.232500 0.533750 0.111667 0.252500
0 0.230000 0.466250 0.056667 0.062500
0 0.745000 0.356250 0.203333 0.067500
0 0.943333 0.388750 0.070000 0.177500
1 0.637500 0.432500 0.058333 0.055000
1 0.966667 0.753750 0.063333 0.107500
0 0.487500 0.951250 0.108333 0.092500
0 0.279167 0.786250 0.065000 0.172500
0 0.181667 0.943750 0.040000 0.102500
3 0.045000 0.722500 0.046667 0.050000
0 0.896667 0.751250 0.070000 0.097500
0 0.779167 0.957500 0.118333 0.080000
0 0.446667 0.788750 0.083333 0.152500
0 0.603333 0.155000 0.053333 0.150000
0 0.551667 0.191250 0.046667 0.152500
0 0.485833 0.112500 0.148333 0.140000