0 0.178333 0.278750 0.133333 0.142500
0 0.206667 0.127500 0.113333 0.235000
0 0.309167 0.308750 0.095000 0.137500
0 0.040000 0.335000 0.073333 0.225000
0 0.486667 0.380000 0.153333 0.100000
0 0.662500 0.196250 0.088333 0.232500
0 0.915000 0.187500 0.076667 0.180000
0 0.929167 0.417500 0.105000 0.135000
0 0.494167 0.628750 0.088333 0.162500
0 0.358333 0.700000 0.090000 0.210000
0 0.272500 0.537500 0.098333 0.150000
0 0.242500 0.721250 0.061667 0.172500
0 0.200000 0.718750 0.090000 0.087500
0 0.273333 0.900000 0.046667 0.195000
0 0.350000 0.937500 0.140000 0.050000
0 0.548333 0.830000 0.136667 0.090000
0 0.683333 0.700000 0.146667 0.095000
0 0.809167 0.617500 0.145000 0.045000
0 0.814167 0.721250 0.078333 0.122500
0 0.911667 0.790000 0.076667 0.100000
0 0.457500 0.931250 0.028333 0.132500
5 0.395833 0.075000 0.078333 0.080000