0 0.693333 0.152500 0.096667 0.175000
0 0.746667 0.307500 0.083333 0.145000
0 0.497500 0.092500 0.115000 0.140000
0 0.475000 0.213750 0.083333 0.077500
0 0.389167 0.206250 0.038333 0.237500
0 0.375833 0.345000 0.068333 0.060000
0 0.261667 0.358750 0.173333 0.072500
0 0.335000 0.457500 0.056667 0.125000
0 0.405000 0.595000 0.120000 0.075000
0 0.460833 0.460000 0.098333 0.175000
0 0.660000 0.703750 0.076667 0.167500
0 0.600833 0.877500 0.161667 0.115000
0 0.785000 0.885000 0.153333 0.050000
0 0.120833 0.812500 0.078333 0.165000
0 0.928333 0.838750 0.123333 0.142500
0 0.943333 0.871250 0.096667 0.052500
1 0.042500 0.820000 0.045000 0.065000
0 0.733333 0.540000 0.136667 0.120000