0 0.553717 0.597150 0.161333 0.042200
0 0.922267 0.680212 0.133600 0.072925
0 0.566992 0.932050 0.182417 0.042200
0 0.270258 0.890375 0.160650 0.084900
0 0.725200 0.504287 0.079300 0.139325
0 0.846867 0.280988 0.135933 0.170825
0 0.597667 0.086500 0.126567 0.152750
0 0.634767 0.109900 0.032033 0.132300
0 0.823042 0.363150 0.100783 0.160150
0 0.627500 0.067500 0.051667 0.055000
0 0.853333 0.511250 0.130000 0.072500
0 0.875000 0.546250 0.130000 0.062500
0 0.931667 0.571250 0.126667 0.062500
0 0.324167 0.748750 0.115000 0.102500
0 0.105000 0.166250 0.126667 0.122500