0 0.555275 0.854425 0.073050 0.054700
0 0.391667 0.235000 0.176667 0.070000
0 0.127500 0.046250 0.148333 0.092500
0 0.132500 0.443750 0.115000 0.147500
0 0.252500 0.510000 0.115000 0.120000
0 0.261667 0.405000 0.090000 0.135000
0 0.394167 0.388750 0.145000 0.207500
0 0.451667 0.400000 0.093333 0.115000
0 0.622500 0.513750 0.078333 0.167500
0 0.775833 0.412500 0.201667 0.150000
0 0.833333 0.693750 0.163333 0.202500
0 0.300000 0.820000 0.106667 0.110000
0 0.240000 0.921250 0.090000 0.147500
0 0.065833 0.738750 0.128333 0.157500
0 0.063333 0.598750 0.100000 0.152500
1 0.472500 0.621250 0.041667 0.082500
1 0.277500 0.266250 0.065000 0.087500
1 0.390833 0.850000 0.058333 0.100000
1 0.925833 0.121250 0.045000 0.062500
1 0.970833 0.127500 0.038333 0.075000
4 0.695000 0.856250 0.063333 0.147500
1 0.531667 0.667500 0.063333 0.080000
4 0.958333 0.492500 0.056667 0.115000
1 0.839167 0.972500 0.058333 0.045000
1 0.796667 0.032500 0.043333 0.065000
1 0.535000 0.052500 0.060000 0.065000