0 0.090833 0.141250 0.128333 0.197500
0 0.050833 0.280000 0.061667 0.210000
0 0.057500 0.313750 0.058333 0.107500
0 0.202500 0.313750 0.125000 0.112500
0 0.209167 0.330000 0.068333 0.140000
0 0.260833 0.317500 0.091667 0.065000
0 0.179167 0.167500 0.048333 0.135000
0 0.065000 0.451250 0.106667 0.142500
0 0.580000 0.413750 0.133333 0.137500
0 0.693333 0.323750 0.060000 0.152500
0 0.805833 0.340000 0.098333 0.070000
0 0.733333 0.220000 0.086667 0.160000
0 0.855833 0.201250 0.121667 0.102500
0 0.888333 0.430000 0.183333 0.130000
0 0.592500 0.570000 0.111667 0.110000
0 0.608333 0.655000 0.083333 0.150000
0 0.907500 0.702500 0.105000 0.130000
0 0.790833 0.865000 0.081667 0.110000
0 0.672500 0.883750 0.101667 0.172500
0 0.435000 0.827500 0.123333 0.110000
0 0.182500 0.607500 0.121667 0.115000
0 0.200000 0.821250 0.113333 0.297500
0 0.165833 0.746250 0.071667 0.157500
0 0.120833 0.905000 0.061667 0.150000
1 0.339167 0.126250 0.055000 0.077500
1 0.503333 0.112500 0.060000 0.040000
1 0.667500 0.273750 0.045000 0.087500
1 0.316667 0.401250 0.040000 0.087500
1 0.015833 0.316250 0.025000 0.067500
1 0.400000 0.420000 0.033333 0.060000
1 0.701667 0.643750 0.050000 0.082500
1 0.821667 0.928750 0.036667 0.072500
1 0.952500 0.380000 0.048333 0.090000
1 0.580000 0.852500 0.050000 0.095000
4 0.316667 0.545000 0.106667 0.170000
1 0.100833 0.576250 0.045000 0.067500