0 0.255833 0.092500 0.148333 0.085000
0 0.445833 0.051250 0.158333 0.082500
0 0.579167 0.383750 0.211667 0.072500
0 0.095000 0.240000 0.093333 0.140000
0 0.180000 0.315000 0.103333 0.070000
0 0.280833 0.398750 0.148333 0.117500
0 0.115833 0.372500 0.158333 0.105000
0 0.160833 0.397500 0.051667 0.055000
0 0.460000 0.566250 0.096667 0.047500
0 0.395000 0.640000 0.103333 0.080000
0 0.556667 0.715000 0.083333 0.170000
0 0.715833 0.891250 0.181667 0.097500
0 0.510000 0.962500 0.180000 0.060000
0 0.901667 0.425000 0.066667 0.245000
0 0.866667 0.135000 0.086667 0.150000
0 0.640000 0.483750 0.043333 0.117500
0 0.640000 0.455000 0.130000 0.110000
4 0.329167 0.552500 0.105000 0.125000
1 0.507500 0.647500 0.081667 0.095000
1 0.365000 0.156250 0.060000 0.087500