0 0.067500 0.491250 0.095000 0.157500
0 0.323333 0.337500 0.090000 0.135000
0 0.265000 0.443750 0.070000 0.102500
0 0.421667 0.566250 0.183333 0.122500
0 0.675000 0.438750 0.073333 0.162500
0 0.060833 0.901250 0.118333 0.182500
0 0.910833 0.706250 0.158333 0.112500
0 0.790000 0.225000 0.133333 0.070000
1 0.728333 0.650000 0.066667 0.095000
1 0.542500 0.886250 0.058333 0.087500
1 0.544167 0.102500 0.058333 0.075000
1 0.741667 0.107500 0.053333 0.075000
3 0.297500 0.821250 0.031667 0.037500
3 0.254167 0.601250 0.035000 0.037500
3 0.490833 0.692500 0.028333 0.040000