0 0.050833 0.115000 0.055000 0.160000
0 0.155000 0.071250 0.110000 0.102500
0 0.191667 0.171250 0.116667 0.097500
0 0.206667 0.180000 0.043333 0.120000
0 0.257500 0.111250 0.051667 0.192500
0 0.394167 0.031250 0.051667 0.062500
0 0.490833 0.088750 0.145000 0.102500
0 0.582500 0.226250 0.055000 0.212500
0 0.692500 0.170000 0.111667 0.045000
0 0.848333 0.166250 0.173333 0.062500
0 0.901667 0.073750 0.063333 0.057500
0 0.877500 0.025000 0.025000 0.050000
0 0.973333 0.125000 0.046667 0.070000
0 0.209167 0.461250 0.111667 0.152500
0 0.156667 0.643750 0.106667 0.127500
0 0.230000 0.660000 0.040000 0.180000
0 0.269167 0.665000 0.081667 0.135000
0 0.330833 0.603750 0.055000 0.187500
0 0.401667 0.598750 0.083333 0.122500
0 0.480833 0.618750 0.058333 0.142500
0 0.583333 0.443750 0.133333 0.067500
0 0.396667 0.400000 0.113333 0.070000
0 0.761667 0.325000 0.100000 0.135000
0 0.854167 0.493750 0.088333 0.112500
0 0.860000 0.442500 0.140000 0.065000
0 0.702500 0.473750 0.115000 0.122500
0 0.615833 0.565000 0.075000 0.130000
0 0.683333 0.625000 0.056667 0.175000
0 0.797500 0.595000 0.091667 0.090000
0 0.935000 0.567500 0.103333 0.145000
0 0.536667 0.808750 0.110000 0.067500
0 0.523333 0.865000 0.070000 0.110000
0 0.811667 0.927500 0.080000 0.125000
0 0.380000 0.953750 0.043333 0.082500
0 0.314167 0.867500 0.095000 0.205000
0 0.286667 0.958750 0.066667 0.077500
0 0.064167 0.957500 0.111667 0.075000
0 0.044167 0.815000 0.081667 0.170000