0 0.274167 0.245000 0.101667 0.130000
0 0.283333 0.280000 0.096667 0.100000
0 0.295000 0.241250 0.106667 0.087500
0 0.124167 0.082500 0.171667 0.130000
0 0.110833 0.240000 0.148333 0.180000
0 0.093333 0.437500 0.150000 0.150000
0 0.085833 0.410000 0.171667 0.135000
0 0.300000 0.665000 0.136667 0.270000
0 0.607500 0.631250 0.091667 0.207500
0 0.714167 0.553750 0.115000 0.272500
0 0.613333 0.355000 0.126667 0.105000
0 0.785833 0.148750 0.088333 0.127500
0 0.876667 0.113750 0.133333 0.192500
0 0.954167 0.402500 0.058333 0.140000
0 0.792500 0.798750 0.168333 0.167500
0 0.587500 0.947500 0.058333 0.080000
0 0.298333 0.927500 0.196667 0.070000
1 0.339167 0.426250 0.048333 0.112500
1 0.530833 0.063750 0.068333 0.072500
3 0.259167 0.166250 0.045000 0.057500
4 0.415833 0.428750 0.095000 0.177500
1 0.613333 0.805000 0.060000 0.065000
1 0.860000 0.885000 0.046667 0.060000
1 0.822500 0.316250 0.055000 0.092500
1 0.977500 0.311250 0.041667 0.097500
1 0.734167 0.192500 0.045000 0.095000