0 0.091667 0.137500 0.116667 0.165000
0 0.273333 0.312500 0.123333 0.165000
0 0.378333 0.276250 0.090000 0.192500
0 0.571667 0.351250 0.170000 0.157500
0 0.751667 0.323750 0.076667 0.047500
0 0.682500 0.427500 0.055000 0.255000
0 0.625833 0.240000 0.071667 0.145000
0 0.656667 0.113750 0.140000 0.047500
0 0.917500 0.082500 0.035000 0.130000
0 0.955000 0.240000 0.083333 0.145000
0 0.975000 0.678750 0.046667 0.082500
0 0.982500 0.867500 0.031667 0.055000
0 0.958333 0.875000 0.060000 0.125000
0 0.796667 0.840000 0.140000 0.080000
0 0.749167 0.918750 0.128333 0.062500
0 0.614167 0.822500 0.155000 0.115000
0 0.515833 0.776250 0.048333 0.167500
0 0.542500 0.551250 0.048333 0.192500
0 0.324167 0.743750 0.075000 0.112500
0 0.303333 0.656250 0.056667 0.117500
0 0.252500 0.642500 0.071667 0.095000
0 0.225833 0.581250 0.061667 0.107500
0 0.187500 0.661250 0.078333 0.102500
0 0.078333 0.822500 0.096667 0.155000
0 0.265833 0.810000 0.038333 0.120000
0 0.248333 0.930000 0.130000 0.100000
0 0.527500 0.978750 0.038333 0.037500
0 0.100000 0.450000 0.106667 0.160000
0 0.024167 0.425000 0.045000 0.050000