0 0.203333 0.230000 0.053333 0.160000
0 0.260833 0.181250 0.078333 0.162500
0 0.332500 0.247500 0.115000 0.105000
0 0.418333 0.108750 0.063333 0.117500
0 0.492500 0.073750 0.085000 0.137500
0 0.686667 0.091250 0.116667 0.157500
0 0.485000 0.261250 0.190000 0.142500
0 0.158333 0.310000 0.080000 0.140000
0 0.126667 0.390000 0.120000 0.080000
0 0.109167 0.546250 0.091667 0.152500
0 0.278333 0.612500 0.143333 0.105000
0 0.430000 0.542500 0.106667 0.175000
0 0.673333 0.417500 0.070000 0.135000
0 0.713333 0.293750 0.096667 0.222500
0 0.818333 0.281250 0.086667 0.102500
0 0.895833 0.248750 0.038333 0.162500
0 0.942500 0.176250 0.111667 0.127500
0 0.700833 0.566250 0.078333 0.142500
0 0.823333 0.436250 0.090000 0.147500
0 0.590833 0.412500 0.128333 0.125000
0 0.505833 0.391250 0.055000 0.097500
0 0.644167 0.670000 0.058333 0.130000
0 0.715000 0.671250 0.076667 0.142500
0 0.688333 0.775000 0.120000 0.080000
0 0.538333 0.755000 0.113333 0.170000
0 0.395833 0.807500 0.095000 0.195000
0 0.402500 0.871250 0.078333 0.162500
0 0.239167 0.815000 0.068333 0.135000
0 0.158333 0.868750 0.086667 0.122500
0 0.059167 0.818750 0.115000 0.102500
0 0.044167 0.787500 0.075000 0.070000
0 0.864167 0.750000 0.101667 0.070000
0 0.960000 0.475000 0.076667 0.070000
0 0.975000 0.806250 0.026667 0.137500
0 0.979167 0.935000 0.035000 0.110000
0 0.885000 0.882500 0.150000 0.140000
0 0.576667 0.932500 0.096667 0.075000