0 0.687900 0.494125 0.046100 0.044000
0 0.605475 0.575800 0.043750 0.054700
0 0.101758 0.518237 0.084383 0.096875
0 0.561525 0.588537 0.028517 0.060425
0 0.716800 0.663537 0.055467 0.096875
0 0.132317 0.602863 0.092967 0.055725
0 0.588475 0.584900 0.076950 0.073950
0 0.452550 0.943225 0.105867 0.080200
0 0.616217 0.794275 0.061333 0.030200
0 0.043383 0.747912 0.083167 0.220825
0 0.278817 0.714063 0.040433 0.109375
0 0.164308 0.589837 0.032717 0.024475
0 0.150100 0.594275 0.058200 0.036450
0 0.751367 0.473825 0.173833 0.087750
0 0.262108 0.462250 0.050383 0.081250
0 0.291667 0.567500 0.093333 0.195000
0 0.176667 0.670000 0.133333 0.115000
1 0.268333 0.288750 0.100000 0.072500
1 0.483333 0.112500 0.060000 0.035000
1 0.952500 0.157500 0.045000 0.095000
1 0.911667 0.163750 0.053333 0.072500
1 0.388333 0.790000 0.063333 0.100000
4 0.520833 0.657500 0.088333 0.095000
1 0.788333 0.032500 0.063333 0.065000
1 0.375833 0.920000 0.045000 0.080000
1 0.684167 0.847500 0.065000 0.135000
1 0.498333 0.191250 0.056667 0.072500
3 0.544167 0.112500 0.038333 0.055000