0 0.331667 0.025000 0.056667 0.050000
0 0.372500 0.142500 0.095000 0.155000
0 0.518333 0.102500 0.053333 0.175000
0 0.498333 0.221250 0.110000 0.097500
0 0.622500 0.218750 0.028333 0.227500
0 0.642500 0.133750 0.128333 0.077500
0 0.805833 0.132500 0.148333 0.045000
0 0.680000 0.227500 0.053333 0.105000
0 0.681667 0.425000 0.053333 0.230000
0 0.635000 0.405000 0.153333 0.120000
0 0.495000 0.346250 0.043333 0.127500
0 0.413333 0.460000 0.170000 0.125000
0 0.338333 0.372500 0.090000 0.150000
0 0.053333 0.445000 0.073333 0.150000
0 0.106667 0.462500 0.096667 0.155000
0 0.140833 0.590000 0.158333 0.060000
0 0.225833 0.675000 0.125000 0.090000
0 0.031667 0.672500 0.063333 0.055000
0 0.080000 0.882500 0.093333 0.155000
0 0.103333 0.912500 0.050000 0.125000
0 0.034167 0.972500 0.041667 0.050000
0 0.373333 0.671250 0.066667 0.122500
0 0.303333 0.720000 0.060000 0.130000
0 0.433333 0.780000 0.133333 0.065000
0 0.500000 0.695000 0.043333 0.190000
0 0.591667 0.593750 0.043333 0.207500
0 0.510833 0.910000 0.061667 0.135000
0 0.277500 0.912500 0.165000 0.125000
0 0.642500 0.830000 0.055000 0.205000
0 0.842500 0.775000 0.035000 0.210000
0 0.982500 0.867500 0.031667 0.040000
0 0.960833 0.911250 0.031667 0.127500