0 0.197500 0.015000 0.078333 0.030000
0 0.298333 0.015000 0.030000 0.030000
0 0.327500 0.053750 0.061667 0.062500
0 0.430833 0.125000 0.048333 0.170000
0 0.450833 0.055000 0.068333 0.050000
0 0.421667 0.020000 0.063333 0.040000
0 0.480000 0.297500 0.046667 0.205000
0 0.446667 0.260000 0.063333 0.100000
0 0.351667 0.367500 0.103333 0.195000
0 0.326667 0.167500 0.076667 0.155000
0 0.199167 0.166250 0.141667 0.077500
0 0.065000 0.341250 0.103333 0.087500
0 0.194167 0.445000 0.125000 0.110000
0 0.120833 0.567500 0.138333 0.060000
0 0.094167 0.648750 0.141667 0.122500
0 0.237500 0.660000 0.068333 0.140000
0 0.297500 0.563750 0.025000 0.207500
0 0.350000 0.560000 0.096667 0.145000
0 0.421667 0.558750 0.043333 0.097500
0 0.493333 0.571250 0.100000 0.082500
0 0.437500 0.631250 0.105000 0.172500
0 0.593333 0.688750 0.113333 0.122500
0 0.560000 0.760000 0.076667 0.095000
0 0.485000 0.770000 0.056667 0.145000
0 0.470000 0.893750 0.090000 0.152500
0 0.333333 0.900000 0.093333 0.160000
0 0.220000 0.893750 0.133333 0.042500
0 0.121667 0.902500 0.063333 0.070000
0 0.119167 0.901250 0.075000 0.192500
0 0.783333 0.866250 0.123333 0.037500
0 0.824167 0.875000 0.011667 0.195000
0 0.773333 0.758750 0.126667 0.082500
0 0.870833 0.868750 0.061667 0.172500
0 0.838333 0.697500 0.043333 0.155000
0 0.935833 0.640000 0.118333 0.060000
0 0.811667 0.565000 0.053333 0.190000
0 0.751667 0.533750 0.070000 0.117500
0 0.705000 0.521250 0.090000 0.097500
0 0.642500 0.617500 0.078333 0.120000
0 0.937500 0.411250 0.051667 0.137500
0 0.914167 0.378750 0.058333 0.062500
0 0.811667 0.375000 0.083333 0.090000
0 0.733333 0.410000 0.073333 0.060000
0 0.735833 0.353750 0.081667 0.087500
0 0.767500 0.286250 0.158333 0.062500
0 0.890833 0.188750 0.065000 0.132500