0 0.267500 0.118750 0.065000 0.202500
0 0.421667 0.070000 0.210000 0.090000
0 0.244167 0.290000 0.141667 0.065000
0 0.760000 0.357500 0.116667 0.175000
0 0.822500 0.301250 0.098333 0.192500
0 0.615000 0.368750 0.153333 0.102500
0 0.540833 0.541250 0.105000 0.182500
0 0.440833 0.616250 0.131667 0.102500
0 0.082500 0.773750 0.135000 0.182500
0 0.023333 0.691250 0.046667 0.072500
0 0.800833 0.815000 0.091667 0.225000
0 0.840833 0.688750 0.148333 0.087500
0 0.976667 0.657500 0.036667 0.105000
0 0.988333 0.353750 0.020000 0.122500
0 0.743333 0.927500 0.070000 0.135000
0 0.485833 0.928750 0.151667 0.077500
5 0.887500 0.463750 0.045000 0.062500
0 0.885000 0.132500 0.133333 0.100000
0 0.940000 0.053750 0.116667 0.042500
5 0.857500 0.037500 0.078333 0.075000
1 0.354167 0.357500 0.061667 0.075000
1 0.936667 0.760000 0.033333 0.080000