0 0.075000 0.068750 0.123333 0.092500
0 0.092500 0.266250 0.055000 0.122500
0 0.621667 0.060000 0.200000 0.100000
0 0.940833 0.057500 0.115000 0.100000
0 0.955000 0.131250 0.070000 0.097500
0 0.880833 0.197500 0.071667 0.100000
0 0.885833 0.533750 0.051667 0.232500
0 0.930833 0.560000 0.061667 0.195000
0 0.613333 0.448750 0.120000 0.127500
0 0.540000 0.503750 0.120000 0.097500
0 0.674167 0.296250 0.128333 0.162500
0 0.079167 0.395000 0.155000 0.110000
0 0.057500 0.407500 0.095000 0.035000
0 0.175000 0.397500 0.083333 0.095000
0 0.191667 0.625000 0.166667 0.075000
0 0.315000 0.656250 0.086667 0.187500
0 0.200000 0.782500 0.070000 0.105000
0 0.200000 0.872500 0.126667 0.125000
0 0.545833 0.951250 0.058333 0.087500
0 0.565833 0.900000 0.058333 0.080000
0 0.583333 0.936250 0.063333 0.087500
0 0.782500 0.810000 0.158333 0.145000
0 0.761667 0.927500 0.116667 0.130000
0 0.919167 0.856250 0.111667 0.167500
0 0.960833 0.882500 0.075000 0.065000
0 0.425833 0.796250 0.075000 0.187500
1 0.821667 0.508750 0.056667 0.087500
1 0.315833 0.402500 0.055000 0.090000
1 0.452500 0.131250 0.061667 0.057500
1 0.456667 0.188750 0.056667 0.067500
1 0.504167 0.215000 0.065000 0.080000
1 0.511667 0.400000 0.056667 0.100000
1 0.620833 0.741250 0.071667 0.082500
1 0.761667 0.951250 0.056667 0.077500
1 0.484167 0.963750 0.041667 0.067500
0 0.610833 0.556250 0.085000 0.127500
4 0.084167 0.756250 0.101667 0.172500