0 0.442500 0.101250 0.148333 0.102500
0 0.235000 0.142500 0.116667 0.100000
0 0.260833 0.238750 0.081667 0.107500
0 0.344167 0.342500 0.101667 0.080000
0 0.388333 0.338750 0.080000 0.117500
0 0.402500 0.357500 0.045000 0.175000
0 0.515833 0.502500 0.078333 0.180000
0 0.523333 0.453750 0.163333 0.122500
0 0.685000 0.347500 0.073333 0.305000
0 0.777500 0.096250 0.128333 0.147500
0 0.765833 0.117500 0.058333 0.200000
0 0.835000 0.088750 0.076667 0.142500
0 0.936667 0.107500 0.123333 0.040000
0 0.928333 0.291250 0.140000 0.082500
0 0.880833 0.268750 0.055000 0.047500
0 0.779167 0.341250 0.065000 0.082500
0 0.746667 0.710000 0.113333 0.280000
0 0.931667 0.652500 0.100000 0.125000
0 0.928333 0.880000 0.086667 0.185000
0 0.563333 0.770000 0.093333 0.135000
0 0.475000 0.660000 0.066667 0.185000
0 0.387500 0.813750 0.115000 0.197500
0 0.485833 0.946250 0.101667 0.067500
0 0.621667 0.957500 0.133333 0.075000
3 0.078333 0.116250 0.036667 0.047500
3 0.890833 0.421250 0.035000 0.037500
3 0.825000 0.976250 0.033333 0.042500