0 0.886333 0.656250 0.116400 0.118750
0 0.778900 0.377875 0.125000 0.110950
0 0.414642 0.446863 0.039450 0.108325
0 0.838283 0.429163 0.039067 0.091675
0 0.141667 0.411250 0.106667 0.102500
0 0.265000 0.436250 0.133333 0.172500
0 0.290000 0.376250 0.126667 0.162500
0 0.346667 0.381250 0.120000 0.112500
0 0.435000 0.302500 0.143333 0.230000
0 0.632500 0.470000 0.081667 0.180000
0 0.136667 0.606250 0.143333 0.237500
0 0.102500 0.622500 0.135000 0.085000
0 0.244167 0.597500 0.118333 0.115000
0 0.281667 0.790000 0.196667 0.210000
0 0.343333 0.848750 0.100000 0.197500
0 0.448333 0.967500 0.136667 0.060000
0 0.728333 0.765000 0.163333 0.090000
0 0.600000 0.773750 0.123333 0.172500
1 0.295833 0.231250 0.078333 0.112500
1 0.523333 0.533750 0.070000 0.117500
1 0.520833 0.658750 0.065000 0.082500
1 0.975000 0.117500 0.046667 0.065000
1 0.929167 0.106250 0.035000 0.077500
4 0.758333 0.463750 0.076667 0.087500
4 0.959167 0.475000 0.075000 0.070000
4 0.708333 0.835000 0.053333 0.110000
1 0.859167 0.943750 0.088333 0.072500
1 0.405000 0.800000 0.056667 0.085000