0 0.030833 0.180000 0.058333 0.180000
0 0.215000 0.136250 0.063333 0.232500
0 0.332500 0.371250 0.071667 0.082500
5 0.268333 0.230000 0.043333 0.080000
0 0.096667 0.415000 0.143333 0.150000
0 0.231667 0.566250 0.140000 0.092500
0 0.335833 0.450000 0.171667 0.100000
0 0.598333 0.136250 0.140000 0.132500
0 0.585000 0.201250 0.113333 0.132500
0 0.721667 0.086250 0.053333 0.107500
0 0.718333 0.223750 0.143333 0.102500
0 0.827500 0.137500 0.108333 0.140000
0 0.938333 0.372500 0.100000 0.115000
0 0.817500 0.507500 0.075000 0.155000
0 0.683333 0.626250 0.093333 0.152500
0 0.932500 0.691250 0.088333 0.122500
0 0.872500 0.608750 0.098333 0.197500
1 0.431667 0.472500 0.046667 0.075000
3 0.458333 0.176250 0.036667 0.052500
3 0.674167 0.427500 0.035000 0.045000
0 0.941667 0.236250 0.106667 0.072500