0 0.079167 0.205000 0.125000 0.085000
0 0.184167 0.547500 0.071667 0.055000
0 0.265000 0.502500 0.073333 0.165000
0 0.151667 0.556250 0.033333 0.152500
0 0.145000 0.540000 0.090000 0.100000
0 0.540833 0.465000 0.145000 0.070000
0 0.498333 0.691250 0.046667 0.182500
0 0.653333 0.316250 0.176667 0.112500
0 0.725000 0.083750 0.063333 0.152500
0 0.710000 0.043750 0.043333 0.052500
0 0.586667 0.113750 0.136667 0.107500
0 0.275833 0.310000 0.068333 0.100000
0 0.887500 0.616250 0.141667 0.087500
0 0.848333 0.880000 0.146667 0.115000
0 0.722500 0.943750 0.091667 0.107500
0 0.397500 0.866250 0.118333 0.072500
1 0.716667 0.452500 0.040000 0.040000
5 0.271667 0.227500 0.046667 0.075000
0 0.571667 0.860000 0.113333 0.190000