0 0.492500 0.092500 0.091667 0.110000
0 0.422500 0.080000 0.061667 0.160000
0 0.350000 0.102500 0.053333 0.195000
0 0.630833 0.115000 0.125000 0.210000
0 0.832500 0.117500 0.035000 0.185000
0 0.932500 0.162500 0.118333 0.060000
0 0.908333 0.285000 0.126667 0.110000
0 0.862500 0.431250 0.098333 0.137500
0 0.946667 0.455000 0.093333 0.105000
0 0.932500 0.573750 0.071667 0.097500
0 0.065833 0.285000 0.078333 0.235000
0 0.032500 0.253750 0.038333 0.112500
0 0.245000 0.268750 0.113333 0.147500
0 0.530000 0.421250 0.150000 0.112500
0 0.488333 0.381250 0.080000 0.182500
0 0.686667 0.531250 0.030000 0.217500
0 0.744167 0.477500 0.065000 0.120000
0 0.780833 0.566250 0.035000 0.227500
0 0.822500 0.616250 0.111667 0.107500
0 0.836667 0.672500 0.056667 0.205000
0 0.936667 0.663750 0.123333 0.127500
0 0.940000 0.833750 0.093333 0.077500
0 0.949167 0.886250 0.098333 0.077500
0 0.682500 0.742500 0.135000 0.065000
0 0.699167 0.831250 0.081667 0.102500
0 0.700000 0.885000 0.026667 0.115000
0 0.648333 0.928750 0.063333 0.132500
0 0.556667 0.832500 0.113333 0.095000
0 0.591667 0.617500 0.096667 0.160000
0 0.510000 0.696250 0.033333 0.057500
0 0.493333 0.686250 0.103333 0.092500
0 0.473333 0.810000 0.040000 0.220000
0 0.414167 0.715000 0.101667 0.095000
0 0.252500 0.597500 0.098333 0.025000
0 0.157500 0.520000 0.111667 0.180000
0 0.030000 0.622500 0.060000 0.065000
0 0.130000 0.728750 0.153333 0.052500
0 0.058333 0.813750 0.076667 0.187500
0 0.230833 0.855000 0.055000 0.130000
0 0.185833 0.892500 0.068333 0.080000
0 0.161667 0.960000 0.050000 0.070000
0 0.283333 0.806250 0.066667 0.082500
0 0.259167 0.006250 0.148333 0.012500
0 0.097500 0.015000 0.141667 0.030000
0 0.266667 0.062500 0.033333 0.125000
0 0.240833 0.052500 0.045000 0.085000