0 0.179167 0.166250 0.095000 0.112500
0 0.217500 0.080000 0.058333 0.160000
0 0.312500 0.113750 0.108333 0.152500
0 0.425833 0.100000 0.098333 0.160000
0 0.143333 0.027500 0.086667 0.040000
0 0.450000 0.013750 0.046667 0.027500
0 0.625000 0.132500 0.073333 0.175000
0 0.714167 0.123750 0.118333 0.172500
0 0.893333 0.115000 0.070000 0.130000
0 0.962500 0.228750 0.071667 0.162500
0 0.765833 0.341250 0.045000 0.152500
0 0.746667 0.248750 0.046667 0.137500
0 0.545000 0.310000 0.140000 0.140000
0 0.438333 0.387500 0.033333 0.165000
0 0.148333 0.406250 0.080000 0.137500
0 0.046667 0.386250 0.083333 0.117500
0 0.265000 0.708750 0.043333 0.057500
0 0.098333 0.725000 0.086667 0.110000
0 0.331667 0.813750 0.046667 0.147500
0 0.353333 0.662500 0.100000 0.215000
0 0.434167 0.793750 0.065000 0.117500
0 0.518333 0.705000 0.073333 0.110000
0 0.544167 0.813750 0.115000 0.077500
0 0.573333 0.858750 0.106667 0.057500
0 0.400000 0.968750 0.070000 0.057500
0 0.765000 0.777500 0.073333 0.105000
0 0.819167 0.767500 0.115000 0.045000
0 0.893333 0.870000 0.070000 0.095000
0 0.943333 0.961250 0.040000 0.072500
0 0.723333 0.918750 0.096667 0.097500
0 0.780833 0.530000 0.048333 0.200000
0 0.693333 0.457500 0.053333 0.125000
0 0.651667 0.548750 0.086667 0.177500
0 0.475000 0.536250 0.156667 0.137500
0 0.451667 0.537500 0.090000 0.065000