0 0.215833 0.112500 0.121667 0.200000
0 0.236667 0.288750 0.130000 0.162500
0 0.296667 0.370000 0.103333 0.050000
0 0.376667 0.237500 0.063333 0.270000
0 0.664167 0.125000 0.101667 0.160000
0 0.464167 0.261250 0.101667 0.052500
0 0.585833 0.277500 0.091667 0.185000
0 0.479167 0.408750 0.068333 0.142500
0 0.363333 0.461250 0.070000 0.107500
0 0.119167 0.416250 0.088333 0.172500
0 0.027500 0.477500 0.051667 0.055000
0 0.135000 0.565000 0.136667 0.070000
1 0.035000 0.841250 0.053333 0.062500
0 0.596667 0.740000 0.123333 0.125000
0 0.586667 0.877500 0.076667 0.140000
0 0.597500 0.888750 0.165000 0.082500
0 0.919167 0.833750 0.048333 0.112500
0 0.942500 0.912500 0.095000 0.090000
1 0.896667 0.810000 0.030000 0.060000
0 0.915000 0.706250 0.146667 0.067500
0 0.899167 0.683750 0.091667 0.097500
0 0.868333 0.617500 0.146667 0.095000
0 0.709167 0.580000 0.108333 0.090000
0 0.949167 0.512500 0.095000 0.115000