0 0.271667 0.106250 0.103333 0.212500
0 0.298333 0.180000 0.083333 0.175000
0 0.295833 0.231250 0.148333 0.062500
0 0.406667 0.207500 0.143333 0.185000
0 0.435833 0.173750 0.125000 0.122500
0 0.621667 0.077500 0.126667 0.135000
0 0.861667 0.107500 0.086667 0.125000
0 0.836667 0.223750 0.093333 0.167500
0 0.896667 0.250000 0.133333 0.165000
0 0.681667 0.405000 0.210000 0.050000
0 0.650833 0.326250 0.095000 0.107500
0 0.211667 0.366250 0.200000 0.127500
0 0.249167 0.673750 0.108333 0.262500
0 0.207500 0.622500 0.041667 0.195000
0 0.616667 0.795000 0.186667 0.150000
0 0.640000 0.606250 0.140000 0.122500
0 0.778333 0.550000 0.120000 0.200000
0 0.786667 0.550000 0.136667 0.135000
0 0.873333 0.643750 0.080000 0.147500
0 0.932500 0.702500 0.131667 0.185000
0 0.893333 0.750000 0.206667 0.095000
0 0.784167 0.790000 0.131667 0.100000
1 0.104167 0.152500 0.068333 0.080000
1 0.080000 0.260000 0.066667 0.095000
1 0.346667 0.778750 0.070000 0.092500
1 0.282500 0.842500 0.078333 0.075000
1 0.043333 0.957500 0.053333 0.080000
1 0.297500 0.936250 0.078333 0.087500
1 0.459167 0.950000 0.045000 0.080000
1 0.348333 0.370000 0.063333 0.060000
1 0.396667 0.105000 0.053333 0.070000
1 0.533333 0.530000 0.056667 0.075000