0 0.145000 0.275000 0.126667 0.130000
0 0.236667 0.171250 0.050000 0.162500
0 0.320833 0.203750 0.095000 0.122500
0 0.455000 0.242500 0.146667 0.060000
0 0.487500 0.182500 0.068333 0.085000
0 0.568333 0.338750 0.106667 0.137500
0 0.545000 0.386250 0.080000 0.122500
0 0.669167 0.255000 0.095000 0.250000
0 0.778333 0.191250 0.083333 0.157500
0 0.901667 0.162500 0.066667 0.135000
0 0.965833 0.187500 0.065000 0.140000
0 0.976667 0.277500 0.043333 0.050000
0 0.954167 0.385000 0.078333 0.060000
0 0.926667 0.482500 0.043333 0.215000
0 0.799167 0.407500 0.101667 0.165000
0 0.646667 0.598750 0.070000 0.142500
0 0.864167 0.696250 0.048333 0.177500
0 0.699167 0.633750 0.045000 0.192500
0 0.685833 0.826250 0.085000 0.152500
0 0.854167 0.892500 0.075000 0.085000
0 0.888333 0.850000 0.120000 0.090000
0 0.951667 0.967500 0.053333 0.060000
0 0.753333 0.968750 0.043333 0.052500
0 0.580000 0.902500 0.136667 0.075000
0 0.630833 0.977500 0.151667 0.040000
0 0.530833 0.718750 0.091667 0.167500
0 0.415000 0.536250 0.090000 0.207500
0 0.326667 0.461250 0.116667 0.082500
0 0.418333 0.732500 0.100000 0.115000
0 0.373333 0.751250 0.103333 0.217500
0 0.315000 0.776250 0.080000 0.127500
0 0.228333 0.777500 0.096667 0.095000
0 0.150833 0.841250 0.098333 0.172500
0 0.088333 0.506250 0.106667 0.192500
0 0.238333 0.455000 0.100000 0.130000
0 0.284167 0.605000 0.165000 0.110000
0 0.455000 0.072500 0.066667 0.095000
0 0.480000 0.067500 0.056667 0.105000
0 0.495833 0.056250 0.068333 0.112500