0 0.060833 0.091250 0.115000 0.062500
0 0.172500 0.162500 0.075000 0.150000
0 0.203333 0.063750 0.076667 0.107500
0 0.355000 0.196250 0.100000 0.152500
0 0.458333 0.140000 0.080000 0.130000
0 0.480833 0.098750 0.061667 0.182500
0 0.600000 0.067500 0.070000 0.135000
0 0.750833 0.048750 0.065000 0.097500
0 0.868333 0.078750 0.086667 0.142500
0 0.953333 0.167500 0.090000 0.155000
0 0.951667 0.462500 0.076667 0.195000
0 0.730833 0.215000 0.068333 0.170000
0 0.563333 0.322500 0.130000 0.070000
0 0.695000 0.417500 0.100000 0.165000
0 0.638333 0.476250 0.063333 0.167500
0 0.463333 0.368750 0.056667 0.132500
0 0.041667 0.342500 0.080000 0.065000
0 0.354167 0.378750 0.118333 0.077500
0 0.410000 0.460000 0.113333 0.120000
0 0.334167 0.605000 0.101667 0.220000
0 0.078333 0.617500 0.093333 0.125000
0 0.253333 0.641250 0.083333 0.107500
0 0.544167 0.495000 0.028333 0.110000
0 0.572500 0.587500 0.091667 0.080000
0 0.727500 0.637500 0.145000 0.140000
0 0.319167 0.798750 0.108333 0.062500
0 0.467500 0.812500 0.071667 0.085000
0 0.568333 0.790000 0.116667 0.115000
0 0.517500 0.743750 0.078333 0.097500
0 0.620000 0.883750 0.050000 0.157500
0 0.667500 0.883750 0.071667 0.137500
0 0.739167 0.898750 0.065000 0.122500
0 0.845833 0.937500 0.078333 0.110000
0 0.942500 0.730000 0.091667 0.090000
0 0.455000 0.883750 0.086667 0.092500
0 0.305833 0.945000 0.128333 0.105000
0 0.401667 0.966250 0.060000 0.062500