0 0.081667 0.367500 0.143333 0.125000
0 0.373333 0.291250 0.153333 0.097500
0 0.240000 0.261250 0.146667 0.117500
0 0.266667 0.156250 0.090000 0.092500
0 0.118333 0.226250 0.083333 0.127500
0 0.782500 0.501250 0.175000 0.117500
0 0.966667 0.306250 0.060000 0.087500
0 0.977500 0.220000 0.041667 0.180000
0 0.413333 0.542500 0.123333 0.165000
0 0.036667 0.775000 0.073333 0.130000
0 0.449167 0.883750 0.131667 0.172500
0 0.528333 0.806250 0.140000 0.092500
0 0.746667 0.840000 0.166667 0.160000
0 0.764167 0.710000 0.078333 0.200000
0 0.743333 0.706250 0.103333 0.102500
0 0.872500 0.693750 0.135000 0.092500
0 0.974167 0.542500 0.048333 0.060000
1 0.500000 0.461250 0.073333 0.082500
1 0.520833 0.520000 0.071667 0.055000
1 0.080000 0.556250 0.046667 0.067500
1 0.030833 0.191250 0.058333 0.077500
1 0.248333 0.642500 0.073333 0.055000
1 0.392500 0.678750 0.065000 0.077500
1 0.927500 0.451250 0.068333 0.102500
1 0.639167 0.633750 0.065000 0.087500
0 0.571667 0.690000 0.096667 0.100000