0 0.099167 0.081250 0.121667 0.087500
0 0.250833 0.120000 0.121667 0.040000
0 0.169167 0.140000 0.048333 0.080000
0 0.246667 0.275000 0.066667 0.230000
0 0.095833 0.341250 0.115000 0.127500
0 0.354167 0.350000 0.115000 0.140000
0 0.434167 0.270000 0.065000 0.100000
0 0.471667 0.183750 0.086667 0.107500
0 0.466667 0.285000 0.043333 0.070000
0 0.465833 0.391250 0.021667 0.222500
0 0.528333 0.395000 0.043333 0.105000
0 0.557500 0.458750 0.055000 0.082500
0 0.579167 0.520000 0.078333 0.030000
0 0.647500 0.591250 0.081667 0.067500
0 0.595000 0.057500 0.050000 0.115000
0 0.627500 0.105000 0.051667 0.165000
0 0.686667 0.062500 0.056667 0.075000
0 0.771667 0.048750 0.073333 0.082500
0 0.822500 0.093750 0.081667 0.157500
0 0.887500 0.180000 0.091667 0.080000
0 0.966667 0.207500 0.063333 0.085000
0 0.766667 0.235000 0.143333 0.095000
0 0.779167 0.356250 0.185000 0.087500
0 0.734167 0.535000 0.095000 0.130000
0 0.815833 0.645000 0.111667 0.050000
0 0.942500 0.740000 0.095000 0.065000
0 0.852500 0.796250 0.065000 0.172500
0 0.798333 0.738750 0.073333 0.117500
0 0.751667 0.837500 0.096667 0.110000
0 0.675833 0.683750 0.071667 0.072500
0 0.616667 0.751250 0.046667 0.122500
0 0.509167 0.666250 0.125000 0.047500
0 0.432500 0.606250 0.111667 0.137500
0 0.277500 0.460000 0.048333 0.105000
0 0.260833 0.597500 0.078333 0.135000
0 0.095833 0.637500 0.091667 0.035000
0 0.145000 0.703750 0.050000 0.097500
0 0.065833 0.687500 0.118333 0.045000
0 0.092500 0.781250 0.038333 0.202500
0 0.020000 0.588750 0.040000 0.057500
0 0.395000 0.925000 0.116667 0.110000
0 0.730833 0.940000 0.131667 0.050000
0 0.459167 0.806250 0.078333 0.187500