5 0.607033 0.622912 0.082033 0.089575
0 0.220833 0.078750 0.065000 0.157500
0 0.237500 0.090000 0.121667 0.100000
0 0.098333 0.161250 0.136667 0.062500
0 0.030000 0.100000 0.026667 0.140000
0 0.061667 0.261250 0.076667 0.102500
0 0.103333 0.351250 0.073333 0.177500
0 0.035000 0.367500 0.066667 0.100000
0 0.226667 0.336250 0.120000 0.147500
0 0.453333 0.162500 0.086667 0.135000
0 0.544167 0.311250 0.191667 0.112500
0 0.566667 0.092500 0.093333 0.100000
0 0.710833 0.142500 0.155000 0.080000
0 0.833333 0.175000 0.066667 0.110000
0 0.880000 0.181250 0.133333 0.107500
0 0.939167 0.193750 0.071667 0.072500
0 0.946667 0.312500 0.103333 0.110000
0 0.932500 0.430000 0.131667 0.090000
0 0.719167 0.453750 0.201667 0.067500
0 0.596667 0.391250 0.166667 0.037500
0 0.752500 0.562500 0.095000 0.110000
0 0.146667 0.567500 0.090000 0.085000
0 0.194167 0.627500 0.135000 0.100000
0 0.406667 0.652500 0.133333 0.075000
0 0.075000 0.811250 0.146667 0.077500
0 0.506667 0.922500 0.156667 0.090000
0 0.657500 0.945000 0.115000 0.075000
0 0.620833 0.890000 0.078333 0.095000
0 0.673333 0.873750 0.123333 0.062500
0 0.772500 0.913750 0.065000 0.092500
0 0.210833 0.892500 0.095000 0.210000
0 0.825833 0.847500 0.145000 0.090000
0 0.870833 0.916250 0.111667 0.082500
0 0.712500 0.738750 0.068333 0.137500
0 0.821667 0.685000 0.110000 0.095000
0 0.408333 0.747500 0.106667 0.095000
0 0.580000 0.210000 0.063333 0.120000
0 0.612500 0.217500 0.058333 0.085000
1 0.541667 0.067500 0.036667 0.070000
1 0.411667 0.282500 0.070000 0.095000
1 0.459167 0.590000 0.058333 0.060000
1 0.510833 0.650000 0.061667 0.095000
1 0.601667 0.798750 0.050000 0.082500
1 0.635833 0.803750 0.048333 0.087500
0 0.113333 0.951250 0.053333 0.092500