0 0.059167 0.143750 0.095000 0.157500
0 0.200000 0.126250 0.100000 0.232500
0 0.038333 0.352500 0.073333 0.195000
0 0.276667 0.420000 0.080000 0.115000
0 0.353333 0.366250 0.046667 0.157500
0 0.295833 0.305000 0.098333 0.130000
0 0.838333 0.210000 0.103333 0.155000
0 0.701667 0.260000 0.083333 0.220000
0 0.706667 0.676250 0.176667 0.137500
0 0.875000 0.693750 0.116667 0.202500
0 0.733333 0.851250 0.113333 0.162500
0 0.580833 0.683750 0.165000 0.057500
0 0.476667 0.643750 0.076667 0.182500
0 0.350833 0.717500 0.058333 0.205000
0 0.255000 0.767500 0.133333 0.110000
0 0.271667 0.561250 0.090000 0.142500
0 0.226667 0.696250 0.140000 0.082500
0 0.133333 0.733750 0.033333 0.212500
0 0.229167 0.901250 0.148333 0.067500
0 0.127500 0.942500 0.095000 0.105000
1 0.659167 0.463750 0.061667 0.057500
1 0.387500 0.545000 0.051667 0.090000
5 0.393333 0.071250 0.100000 0.077500
5 0.435833 0.500000 0.065000 0.065000