0 0.145833 0.065000 0.058333 0.095000
0 0.153333 0.302500 0.123333 0.175000
0 0.120000 0.660000 0.070000 0.080000
0 0.165000 0.791250 0.076667 0.217500
0 0.085000 0.857500 0.060000 0.090000
0 0.361667 0.621250 0.146667 0.112500
0 0.335833 0.333750 0.098333 0.117500
0 0.550000 0.111250 0.050000 0.157500
0 0.612500 0.107500 0.055000 0.085000
0 0.642500 0.341250 0.068333 0.157500
0 0.760000 0.468750 0.190000 0.107500
0 0.910000 0.288750 0.060000 0.067500
0 0.970000 0.495000 0.056667 0.205000
0 0.727500 0.748750 0.155000 0.137500
0 0.530000 0.830000 0.083333 0.195000
3 0.820000 0.388750 0.030000 0.037500
3 0.728333 0.278750 0.040000 0.052500