0 0.063333 0.151250 0.076667 0.162500
0 0.253333 0.102500 0.046667 0.190000
0 0.101667 0.227500 0.060000 0.090000
0 0.100833 0.291250 0.048333 0.152500
0 0.201667 0.378750 0.050000 0.137500
0 0.284167 0.306250 0.078333 0.137500
0 0.370833 0.302500 0.128333 0.075000
0 0.348333 0.133750 0.086667 0.042500
0 0.460000 0.115000 0.043333 0.210000
0 0.520000 0.085000 0.053333 0.115000
0 0.553333 0.070000 0.066667 0.120000
0 0.614167 0.017500 0.041667 0.025000
0 0.682500 0.046250 0.075000 0.072500
0 0.528333 0.177500 0.056667 0.165000
0 0.560000 0.162500 0.003333 0.005000
0 0.606667 0.302500 0.083333 0.215000
0 0.625000 0.230000 0.076667 0.145000
0 0.731667 0.247500 0.080000 0.090000
0 0.665000 0.352500 0.080000 0.135000
0 0.895833 0.225000 0.088333 0.090000
0 0.886667 0.288750 0.080000 0.122500
0 0.811667 0.281250 0.053333 0.227500
0 0.926667 0.065000 0.083333 0.115000
0 0.960833 0.243750 0.058333 0.192500
0 0.958333 0.338750 0.080000 0.082500
0 0.960833 0.485000 0.045000 0.230000
0 0.908333 0.647500 0.060000 0.195000
0 0.828333 0.526250 0.140000 0.137500
0 0.650833 0.497500 0.128333 0.115000
0 0.618333 0.463750 0.073333 0.112500
0 0.483333 0.665000 0.076667 0.250000
0 0.293333 0.490000 0.130000 0.095000
0 0.260833 0.560000 0.081667 0.130000
0 0.218333 0.652500 0.136667 0.100000
0 0.140000 0.655000 0.096667 0.125000
0 0.091667 0.673750 0.093333 0.107500
0 0.101667 0.731250 0.086667 0.127500
0 0.047500 0.793750 0.085000 0.087500
0 0.104167 0.853750 0.075000 0.147500
0 0.236667 0.922500 0.070000 0.145000
0 0.565000 0.820000 0.073333 0.235000
0 0.570833 0.630000 0.121667 0.100000
0 0.596667 0.628750 0.106667 0.077500
0 0.656667 0.658750 0.130000 0.097500
0 0.710833 0.702500 0.068333 0.180000
0 0.685000 0.771250 0.106667 0.157500
0 0.709167 0.826250 0.111667 0.167500
0 0.750833 0.791250 0.061667 0.137500