0 0.064608 0.640625 0.046750 0.205200
0 0.700792 0.385037 0.070317 0.176825
0 0.270000 0.196250 0.193333 0.197500
1 0.192500 0.130000 0.051667 0.060000
0 0.653333 0.035000 0.103333 0.070000
0 0.972500 0.101250 0.051667 0.082500
0 0.343333 0.388750 0.126667 0.207500
0 0.428333 0.567500 0.143333 0.195000
0 0.172500 0.631250 0.145000 0.177500
0 0.038333 0.553750 0.076667 0.117500
0 0.059167 0.896250 0.078333 0.152500
0 0.355833 0.742500 0.165000 0.155000
0 0.551667 0.873750 0.176667 0.117500
0 0.638333 0.717500 0.096667 0.290000
0 0.876667 0.693750 0.063333 0.307500
0 0.905833 0.480000 0.145000 0.110000