0 0.380000 0.056250 0.123333 0.042500
0 0.369167 0.046250 0.108333 0.087500
0 0.630000 0.060000 0.120000 0.100000
0 0.185833 0.055000 0.125000 0.105000
0 0.247500 0.276250 0.148333 0.107500
0 0.150833 0.336250 0.125000 0.167500
0 0.606667 0.355000 0.190000 0.150000
0 0.770833 0.345000 0.118333 0.140000
0 0.818333 0.312500 0.086667 0.195000
0 0.870000 0.208750 0.096667 0.147500
0 0.917500 0.022500 0.135000 0.035000
0 0.964167 0.675000 0.068333 0.185000
0 0.748333 0.598750 0.120000 0.072500
0 0.365000 0.668750 0.093333 0.237500
0 0.110833 0.741250 0.151667 0.142500
1 0.910000 0.767500 0.050000 0.070000
1 0.345000 0.352500 0.063333 0.060000
5 0.892500 0.466250 0.058333 0.077500
0 0.795000 0.787500 0.060000 0.220000