0 0.043333 0.061250 0.083333 0.037500
0 0.130000 0.103750 0.136667 0.047500
0 0.066667 0.165000 0.096667 0.060000
0 0.193333 0.176250 0.080000 0.072500
0 0.334167 0.146250 0.091667 0.157500
0 0.409167 0.041250 0.085000 0.072500
0 0.513333 0.253750 0.100000 0.072500
0 0.437500 0.236250 0.068333 0.067500
0 0.643333 0.118750 0.056667 0.157500
0 0.760833 0.283750 0.138333 0.052500
0 0.783333 0.335000 0.053333 0.060000
0 0.770000 0.402500 0.133333 0.105000
0 0.863333 0.271250 0.053333 0.102500
0 0.959167 0.212500 0.051667 0.135000
0 0.905000 0.512500 0.066667 0.100000
0 0.963333 0.453750 0.063333 0.097500
0 0.765000 0.537500 0.113333 0.090000
0 0.610000 0.602500 0.106667 0.070000
0 0.675000 0.630000 0.043333 0.100000
0 0.787500 0.702500 0.041667 0.085000
0 0.760000 0.736250 0.046667 0.082500
0 0.857500 0.735000 0.105000 0.060000
0 0.874167 0.890000 0.058333 0.160000
0 0.781667 0.885000 0.123333 0.070000
0 0.754167 0.965000 0.048333 0.060000
0 0.556667 0.811250 0.066667 0.117500
0 0.651667 0.807500 0.086667 0.095000
0 0.446667 0.831250 0.060000 0.187500
0 0.386667 0.767500 0.053333 0.135000
0 0.310000 0.882500 0.103333 0.100000
0 0.420000 0.653750 0.100000 0.157500
0 0.417500 0.542500 0.101667 0.110000
0 0.504167 0.483750 0.041667 0.207500
0 0.450833 0.427500 0.038333 0.175000
0 0.347500 0.457500 0.071667 0.105000
0 0.338333 0.383750 0.066667 0.122500
0 0.284167 0.436250 0.065000 0.127500
0 0.336667 0.621250 0.060000 0.107500
0 0.308333 0.626250 0.070000 0.092500
0 0.210000 0.707500 0.080000 0.155000
0 0.221667 0.448750 0.083333 0.092500
0 0.113333 0.726250 0.096667 0.147500
0 0.081667 0.611250 0.116667 0.077500
0 0.037500 0.832500 0.068333 0.055000