0 0.301667 0.071250 0.050000 0.137500
0 0.506667 0.040000 0.076667 0.080000
0 0.850833 0.137500 0.125000 0.185000
0 0.741667 0.283750 0.053333 0.152500
0 0.614167 0.362500 0.101667 0.105000
0 0.115833 0.085000 0.165000 0.170000
0 0.085000 0.240000 0.093333 0.140000
0 0.110833 0.343750 0.095000 0.072500
0 0.238333 0.256250 0.063333 0.107500
0 0.276667 0.265000 0.106667 0.120000
0 0.150000 0.178750 0.130000 0.122500
0 0.061667 0.413750 0.090000 0.087500
0 0.070833 0.465000 0.138333 0.185000
0 0.685833 0.658750 0.048333 0.132500
0 0.710000 0.561250 0.046667 0.177500
0 0.927500 0.398750 0.071667 0.157500
0 0.731667 0.866250 0.103333 0.107500
0 0.255833 0.710000 0.131667 0.280000
0 0.276667 0.921250 0.196667 0.102500
0 0.567500 0.963750 0.045000 0.067500
1 0.144167 0.532500 0.041667 0.065000
1 0.848333 0.893750 0.050000 0.107500
1 0.812500 0.317500 0.051667 0.090000
1 0.974167 0.328750 0.045000 0.097500
1 0.441667 0.327500 0.046667 0.085000
1 0.335833 0.413750 0.045000 0.092500
1 0.602500 0.810000 0.055000 0.100000
4 0.403333 0.445000 0.100000 0.170000