0 0.040000 0.055000 0.040000 0.055000
0 0.383333 0.017500 0.030000 0.035000
0 0.053333 0.215000 0.066667 0.195000
0 0.017500 0.216250 0.031667 0.157500
0 0.786667 0.031250 0.066667 0.062500
0 0.868333 0.141250 0.090000 0.062500
0 0.804167 0.152500 0.075000 0.070000
0 0.157500 0.385000 0.045000 0.150000
0 0.109167 0.451250 0.098333 0.177500
0 0.142500 0.660000 0.105000 0.120000
0 0.099167 0.713750 0.078333 0.127500
0 0.021667 0.720000 0.036667 0.040000
0 0.032500 0.472500 0.038333 0.205000
0 0.247500 0.631250 0.081667 0.152500
0 0.262500 0.455000 0.085000 0.135000
0 0.356667 0.468750 0.086667 0.122500
0 0.378333 0.416250 0.103333 0.097500
0 0.505000 0.478750 0.090000 0.202500
0 0.642500 0.122500 0.165000 0.080000
0 0.594167 0.192500 0.091667 0.075000
0 0.682500 0.413750 0.085000 0.227500
0 0.670000 0.405000 0.106667 0.090000
0 0.591667 0.560000 0.030000 0.130000
0 0.719167 0.635000 0.075000 0.050000
0 0.955000 0.446250 0.083333 0.077500
0 0.985000 0.617500 0.023333 0.045000
0 0.825833 0.632500 0.095000 0.105000
0 0.766667 0.647500 0.063333 0.125000
0 0.565833 0.702500 0.148333 0.065000
0 0.449167 0.668750 0.088333 0.057500
0 0.422500 0.846250 0.051667 0.127500
0 0.404167 0.773750 0.105000 0.047500
0 0.555833 0.897500 0.085000 0.140000
0 0.390000 0.943750 0.043333 0.107500
0 0.348333 0.967500 0.056667 0.055000
0 0.253333 0.901250 0.106667 0.072500
0 0.247500 0.897500 0.061667 0.175000
0 0.179167 0.766250 0.098333 0.047500
0 0.160000 0.822500 0.066667 0.080000
0 0.079167 0.833750 0.105000 0.107500
0 0.011667 0.887500 0.016667 0.045000
0 0.090833 0.923750 0.088333 0.127500