0 0.058333 0.251250 0.073333 0.132500
0 0.093333 0.298750 0.143333 0.142500
0 0.228333 0.275000 0.046667 0.180000
0 0.357500 0.268750 0.121667 0.152500
0 0.360000 0.237500 0.066667 0.230000
0 0.795000 0.233750 0.093333 0.157500
0 0.463333 0.433750 0.153333 0.057500
0 0.145000 0.515000 0.110000 0.140000
0 0.355000 0.608750 0.073333 0.097500
1 0.035000 0.202500 0.040000 0.085000
1 0.410833 0.595000 0.058333 0.050000
1 0.478333 0.693750 0.046667 0.052500
1 0.417500 0.742500 0.048333 0.060000
1 0.419167 0.665000 0.058333 0.090000