0 0.205833 0.187500 0.101667 0.120000
0 0.249167 0.230000 0.048333 0.150000
0 0.254167 0.277500 0.125000 0.010000
0 0.378333 0.147500 0.126667 0.130000
0 0.459167 0.232500 0.095000 0.110000
0 0.517500 0.038750 0.058333 0.077500
0 0.621667 0.088750 0.143333 0.122500
0 0.754167 0.130000 0.118333 0.190000
0 0.925000 0.165000 0.143333 0.160000
0 0.657500 0.243750 0.065000 0.132500
0 0.650000 0.392500 0.043333 0.225000
0 0.740000 0.400000 0.110000 0.045000
0 0.677500 0.528750 0.095000 0.122500
0 0.537500 0.348750 0.165000 0.097500
0 0.535833 0.510000 0.068333 0.200000
0 0.616667 0.791250 0.160000 0.097500
0 0.654167 0.892500 0.078333 0.200000
0 0.786667 0.922500 0.076667 0.130000
0 0.911667 0.765000 0.090000 0.145000
0 0.960833 0.883750 0.071667 0.167500
0 0.932500 0.658750 0.121667 0.102500
0 0.398333 0.540000 0.126667 0.080000
0 0.430000 0.687500 0.140000 0.150000
0 0.409167 0.845000 0.138333 0.050000
0 0.330000 0.493750 0.073333 0.092500
0 0.311667 0.510000 0.083333 0.010000
0 0.331667 0.403750 0.116667 0.057500
0 0.195833 0.451250 0.055000 0.132500
0 0.236667 0.586250 0.070000 0.207500
0 0.249167 0.800000 0.125000 0.110000
0 0.254167 0.913750 0.171667 0.127500
0 0.126667 0.773750 0.143333 0.107500
0 0.080833 0.817500 0.081667 0.230000
0 0.089167 0.450000 0.118333 0.180000