0 0.878125 0.363275 0.046883 0.044800
0 0.138917 0.575662 0.067867 0.127875
0 0.169292 0.339850 0.070017 0.250000
0 0.688875 0.750525 0.133983 0.031250
0 0.494342 0.914062 0.049617 0.104175
0 0.806667 0.510000 0.026667 0.265000
0 0.775000 0.460000 0.053333 0.155000
0 0.736667 0.258750 0.080000 0.207500
0 0.405833 0.647500 0.045000 0.155000
0 0.471667 0.653750 0.110000 0.137500
0 0.244167 0.755000 0.071667 0.085000
0 0.051667 0.950000 0.050000 0.090000
0 0.236667 0.566250 0.086667 0.132500
0 0.680833 0.278750 0.045000 0.092500
0 0.920833 0.135000 0.041667 0.115000
1 0.611667 0.251250 0.053333 0.077500
0 0.065000 0.361250 0.066667 0.077500
1 0.195833 0.681250 0.071667 0.082500
1 0.613333 0.718750 0.080000 0.067500
0 0.402500 0.045000 0.098333 0.090000
1 0.747500 0.081250 0.031667 0.042500