0 0.153333 0.085000 0.050000 0.050000
0 0.145833 0.325000 0.178333 0.190000
0 0.357500 0.356250 0.125000 0.132500
0 0.331667 0.587500 0.193333 0.200000
0 0.114167 0.671250 0.058333 0.087500
0 0.165000 0.822500 0.060000 0.225000
0 0.542500 0.863750 0.081667 0.197500
0 0.683333 0.852500 0.126667 0.105000
0 0.877500 0.638750 0.095000 0.157500
0 0.972500 0.518750 0.048333 0.217500
0 0.761667 0.475000 0.183333 0.110000
0 0.645000 0.348750 0.046667 0.157500
0 0.537500 0.115000 0.075000 0.130000
0 0.662500 0.076250 0.161667 0.147500
0 0.551667 0.070000 0.060000 0.135000
0 0.926667 0.285000 0.056667 0.070000
3 0.735000 0.286250 0.043333 0.062500
3 0.822500 0.398750 0.038333 0.037500