0 0.079167 0.110000 0.098333 0.195000
0 0.065833 0.186250 0.041667 0.152500
0 0.564167 0.031250 0.185000 0.057500
0 0.615833 0.077500 0.108333 0.060000
0 0.540833 0.095000 0.038333 0.150000
0 0.766667 0.490000 0.110000 0.200000
0 0.544167 0.621250 0.151667 0.117500
0 0.190000 0.943750 0.096667 0.107500
0 0.062500 0.740000 0.081667 0.095000
1 0.869167 0.160000 0.048333 0.070000
1 0.645000 0.137500 0.050000 0.075000
1 0.820833 0.687500 0.065000 0.080000
1 0.665833 0.941250 0.058333 0.062500
3 0.447500 0.376250 0.025000 0.037500
3 0.385833 0.658750 0.031667 0.042500
3 0.440833 0.880000 0.031667 0.050000
3 0.617500 0.748750 0.035000 0.037500
3 0.416667 0.288750 0.023333 0.032500