0 0.255833 0.132500 0.065000 0.155000
0 0.294167 0.271250 0.068333 0.117500
0 0.308333 0.511250 0.163333 0.252500
0 0.135000 0.480000 0.093333 0.180000
0 0.093333 0.626250 0.093333 0.132500
0 0.680000 0.355000 0.186667 0.190000
0 0.768333 0.365000 0.146667 0.150000
0 0.861667 0.117500 0.120000 0.200000
0 0.731667 0.685000 0.126667 0.170000
0 0.675000 0.813750 0.106667 0.162500
0 0.525833 0.808750 0.151667 0.197500
0 0.371667 0.826250 0.066667 0.142500
0 0.205000 0.935000 0.120000 0.125000
0 0.051667 0.833750 0.033333 0.152500
0 0.035833 0.913750 0.068333 0.092500