0 0.034175 0.478650 0.063850 0.131250
0 0.335933 0.512250 0.076167 0.147400
0 0.749617 0.681762 0.092967 0.127075
0 0.262200 0.449487 0.054100 0.086975
0 0.202742 0.609900 0.112117 0.123950
0 0.604100 0.582025 0.079300 0.084900
0 0.050817 0.723175 0.089600 0.217200
0 0.298542 0.673438 0.047850 0.120825
0 0.767583 0.944025 0.066400 0.098450
0 0.122175 0.507425 0.063483 0.098700
0 0.756833 0.467850 0.173833 0.098700
0 0.258783 0.554825 0.228900 0.242450
0 0.243067 0.951825 0.105267 0.084900
1 0.368333 0.908750 0.060000 0.092500
1 0.282500 0.266250 0.068333 0.102500
1 0.506667 0.128750 0.053333 0.077500
1 0.916667 0.136250 0.046667 0.072500
1 0.960833 0.150000 0.051667 0.080000
4 0.748333 0.477500 0.063333 0.095000
4 0.526667 0.653750 0.063333 0.097500
1 0.408333 0.742500 0.063333 0.095000
1 0.515000 0.051250 0.066667 0.082500
1 0.793333 0.035000 0.066667 0.065000