0 0.483333 0.320000 0.126667 0.070000
0 0.548333 0.446250 0.133333 0.112500
0 0.529167 0.445000 0.098333 0.040000
0 0.651667 0.420000 0.030000 0.130000
0 0.674167 0.442500 0.051667 0.070000
0 0.716667 0.497500 0.106667 0.175000
0 0.775000 0.421250 0.046667 0.197500
0 0.835833 0.447500 0.075000 0.100000
0 0.918333 0.473750 0.090000 0.082500
0 0.975833 0.528750 0.041667 0.152500
0 0.957500 0.093750 0.081667 0.152500
1 0.910000 0.078750 0.046667 0.077500
0 0.799167 0.031250 0.098333 0.047500
0 0.515000 0.068750 0.093333 0.137500
0 0.316667 0.097500 0.046667 0.175000
0 0.265000 0.135000 0.076667 0.115000
0 0.136667 0.081250 0.040000 0.077500
0 0.106667 0.193750 0.056667 0.127500
0 0.031667 0.196250 0.063333 0.167500
0 0.134167 0.470000 0.051667 0.165000
0 0.190833 0.445000 0.061667 0.090000
0 0.235000 0.406250 0.093333 0.072500
0 0.392500 0.416250 0.101667 0.112500
0 0.385833 0.522500 0.081667 0.125000
0 0.315000 0.573750 0.043333 0.147500
0 0.283333 0.491250 0.046667 0.112500
0 0.240833 0.586250 0.091667 0.082500
0 0.098333 0.700000 0.110000 0.070000
0 0.025000 0.638750 0.050000 0.137500
0 0.034167 0.782500 0.068333 0.065000
0 0.029167 0.856250 0.058333 0.067500
0 0.339167 0.688750 0.055000 0.127500
0 0.279167 0.842500 0.041667 0.125000
0 0.250000 0.965000 0.036667 0.060000
0 0.480000 0.891250 0.066667 0.137500
0 0.638333 0.821250 0.103333 0.147500
0 0.736667 0.876250 0.033333 0.122500
0 0.636667 0.951250 0.063333 0.077500
0 0.896667 0.868750 0.070000 0.132500
0 0.868333 0.742500 0.046667 0.080000