0 0.021200 0.330737 0.028633 0.079175
0 0.941800 0.186263 0.103900 0.088675
0 0.070425 0.699225 0.105217 0.048450
0 0.316217 0.693750 0.095700 0.082300
0 0.329092 0.254550 0.017183 0.042450
0 0.153708 0.218113 0.061717 0.117975
0 0.964075 0.921350 0.046883 0.098950
0 0.340325 0.607300 0.018550 0.031250
0 0.860158 0.404050 0.120317 0.112250
0 0.347658 0.464050 0.026950 0.067700
0 0.125383 0.672400 0.033200 0.230200
0 0.267192 0.167375 0.109383 0.088400
0 0.609367 0.946087 0.073433 0.069275
0 0.539067 0.917462 0.235933 0.126575
0 0.504300 0.643488 0.140633 0.170325
0 0.567383 0.915100 0.168367 0.136450
0 0.665233 0.744275 0.082033 0.042700
0 0.526950 0.880213 0.083600 0.064575
0 0.247075 0.666150 0.084383 0.075000
0 0.182367 0.822650 0.104000 0.033850
0 0.448333 0.440000 0.060000 0.080000
1 0.860000 0.471250 0.056667 0.062500