0 0.445833 0.905000 0.141667 0.145000
0 0.636667 0.811250 0.140000 0.157500
0 0.233333 0.945000 0.066667 0.095000
0 0.328333 0.760000 0.100000 0.160000
0 0.230833 0.610000 0.085000 0.120000
0 0.170833 0.732500 0.098333 0.075000
0 0.246667 0.445000 0.120000 0.055000
0 0.367500 0.410000 0.105000 0.100000
0 0.398333 0.491250 0.063333 0.122500
0 0.370000 0.548750 0.073333 0.077500
0 0.140833 0.460000 0.098333 0.140000
0 0.118333 0.291250 0.043333 0.117500
0 0.069167 0.340000 0.058333 0.100000
0 0.074167 0.208750 0.058333 0.097500
0 0.194167 0.233750 0.088333 0.147500
0 0.320000 0.290000 0.113333 0.110000
0 0.369167 0.218750 0.111667 0.077500
0 0.324167 0.132500 0.048333 0.095000
0 0.563333 0.300000 0.110000 0.115000
0 0.498333 0.380000 0.066667 0.080000
0 0.555000 0.436250 0.070000 0.092500
0 0.604167 0.495000 0.075000 0.105000
0 0.720000 0.491250 0.083333 0.172500
0 0.786667 0.908750 0.070000 0.167500
0 0.910833 0.921250 0.071667 0.102500
0 0.862500 0.492500 0.138333 0.190000
0 0.774167 0.421250 0.035000 0.212500
0 0.967500 0.476250 0.051667 0.257500
0 0.804167 0.031250 0.078333 0.057500
1 0.885833 0.053750 0.048333 0.072500
1 0.277500 0.517500 0.045000 0.075000