0 0.240833 0.193750 0.048333 0.112500
0 0.287500 0.118750 0.075000 0.182500
0 0.321667 0.150000 0.043333 0.160000
0 0.325000 0.233750 0.070000 0.072500
0 0.220000 0.358750 0.193333 0.142500
0 0.459167 0.171250 0.138333 0.137500
0 0.905833 0.103750 0.101667 0.202500
0 0.773333 0.242500 0.100000 0.165000
0 0.765000 0.336250 0.293333 0.202500
0 0.778333 0.513750 0.130000 0.197500
0 0.756667 0.565000 0.106667 0.150000
0 0.850833 0.573750 0.151667 0.082500
0 0.895833 0.626250 0.055000 0.162500
0 0.277500 0.633750 0.095000 0.252500
0 0.222500 0.625000 0.048333 0.210000
0 0.335000 0.786250 0.123333 0.282500
0 0.646667 0.761250 0.206667 0.182500
0 0.895000 0.758750 0.203333 0.122500
1 0.126667 0.136250 0.063333 0.077500
1 0.093333 0.251250 0.056667 0.102500
1 0.345000 0.777500 0.050000 0.080000
1 0.290000 0.805000 0.076667 0.075000
1 0.472500 0.937500 0.071667 0.090000
1 0.366667 0.352500 0.060000 0.085000
1 0.301667 0.917500 0.056667 0.105000
1 0.548333 0.531250 0.050000 0.097500