0 0.061667 0.275000 0.120000 0.210000
0 0.368333 0.168750 0.093333 0.207500
0 0.435000 0.056250 0.063333 0.112500
0 0.594167 0.285000 0.101667 0.245000
0 0.466667 0.221250 0.123333 0.187500
0 0.749167 0.162500 0.115000 0.150000
0 0.840000 0.163750 0.073333 0.147500
0 0.926667 0.142500 0.056667 0.220000
0 0.939167 0.418750 0.118333 0.122500
0 0.893333 0.532500 0.166667 0.090000
0 0.699167 0.607500 0.118333 0.290000
0 0.820833 0.773750 0.161667 0.122500
0 0.938333 0.827500 0.083333 0.235000
0 0.391667 0.600000 0.076667 0.255000
0 0.261667 0.610000 0.140000 0.140000
0 0.184167 0.723750 0.148333 0.092500
0 0.188333 0.861250 0.036667 0.202500
0 0.144167 0.953750 0.145000 0.082500
0 0.078333 0.770000 0.066667 0.225000
1 0.493333 0.672500 0.113333 0.135000
0 0.513333 0.395000 0.046667 0.070000