0 0.022500 0.043750 0.041667 0.067500
0 0.419167 0.198750 0.045000 0.232500
0 0.511667 0.210000 0.103333 0.100000
0 0.572500 0.163750 0.055000 0.177500
0 0.521667 0.373750 0.150000 0.097500
0 0.616667 0.311250 0.063333 0.162500
0 0.717500 0.531250 0.105000 0.107500
0 0.803333 0.507500 0.080000 0.195000
0 0.676667 0.696250 0.083333 0.152500
0 0.953333 0.865000 0.090000 0.080000
0 0.810000 0.885000 0.140000 0.090000
0 0.592500 0.876250 0.185000 0.067500
0 0.203333 0.888750 0.123333 0.127500
0 0.225833 0.400000 0.098333 0.110000
0 0.308333 0.363750 0.100000 0.067500
0 0.365833 0.436250 0.061667 0.087500