0 0.231667 0.052500 0.113333 0.075000
0 0.092500 0.105000 0.095000 0.070000
0 0.074167 0.160000 0.128333 0.080000
0 0.073333 0.232500 0.113333 0.055000
0 0.027500 0.291250 0.051667 0.037500
0 0.290833 0.318750 0.135000 0.072500
0 0.406667 0.236250 0.060000 0.117500
0 0.432500 0.237500 0.095000 0.065000
0 0.467500 0.102500 0.078333 0.135000
0 0.529167 0.082500 0.061667 0.105000
0 0.543333 0.195000 0.093333 0.070000
0 0.543333 0.270000 0.093333 0.060000
0 0.602500 0.193750 0.105000 0.047500
0 0.671667 0.190000 0.036667 0.175000
0 0.711667 0.268750 0.063333 0.102500
0 0.570833 0.381250 0.091667 0.077500
0 0.679167 0.467500 0.101667 0.260000
0 0.853333 0.106250 0.166667 0.152500
0 0.342500 0.401250 0.081667 0.077500
0 0.221667 0.447500 0.103333 0.085000
0 0.144167 0.465000 0.081667 0.095000
0 0.092500 0.566250 0.058333 0.132500
0 0.065833 0.597500 0.061667 0.060000
0 0.043333 0.555000 0.036667 0.050000
0 0.290833 0.658750 0.078333 0.182500
0 0.360833 0.677500 0.088333 0.075000
0 0.271667 0.540000 0.076667 0.075000
0 0.199167 0.552500 0.078333 0.115000
0 0.520833 0.510000 0.141667 0.100000
0 0.440000 0.455000 0.110000 0.115000
0 0.443333 0.608750 0.053333 0.097500
0 0.554167 0.761250 0.098333 0.127500
0 0.619167 0.808750 0.041667 0.147500
0 0.696667 0.726250 0.070000 0.187500
0 0.940000 0.480000 0.080000 0.090000
0 0.875833 0.632500 0.088333 0.055000
0 0.942500 0.635000 0.085000 0.085000
0 0.947500 0.735000 0.101667 0.095000
0 0.807500 0.932500 0.118333 0.065000
0 0.800833 0.933750 0.045000 0.122500
0 0.951667 0.940000 0.093333 0.095000
0 0.375000 0.783750 0.060000 0.182500
0 0.299167 0.918750 0.145000 0.102500
0 0.113333 0.865000 0.066667 0.150000
0 0.045000 0.878750 0.070000 0.102500
0 0.412500 0.968750 0.058333 0.057500