0 0.768950 0.942450 0.065233 0.097400
0 0.722667 0.490487 0.228133 0.160675
0 0.133767 0.763800 0.070367 0.035950
0 0.764458 0.686987 0.110150 0.128125
0 0.150292 0.468750 0.041217 0.050000
0 0.209517 0.604700 0.099700 0.076050
0 0.462692 0.970300 0.158983 0.042700
0 0.057292 0.705737 0.089917 0.220825
0 0.262692 0.448563 0.062883 0.082025
0 0.238958 0.938012 0.082617 0.109375
0 0.318358 0.637762 0.039850 0.106775
0 0.118550 0.494800 0.106633 0.100000
0 0.209325 0.588025 0.103217 0.112500
0 0.274408 0.967963 0.019917 0.055725
0 0.611917 0.563412 0.076167 0.072125
0 0.340625 0.491925 0.109383 0.191150
0 0.446000 0.971112 0.120500 0.039075
0 0.023517 0.360550 0.044533 0.091400
0 0.780267 0.095012 0.033200 0.071675
0 0.227833 0.951825 0.058400 0.083850
1 0.283333 0.263750 0.060000 0.097500
1 0.529167 0.026250 0.051667 0.052500
1 0.792500 0.025000 0.075000 0.050000
1 0.960000 0.141250 0.040000 0.097500
1 0.520833 0.101250 0.045000 0.077500
1 0.422500 0.708750 0.088333 0.122500
1 0.370000 0.891250 0.060000 0.082500
1 0.922500 0.135000 0.038333 0.070000