0 0.048333 0.093750 0.096667 0.107500
0 0.145833 0.095000 0.071667 0.140000
0 0.240000 0.087500 0.080000 0.065000
0 0.301667 0.160000 0.030000 0.145000
0 0.324167 0.110000 0.048333 0.205000
0 0.279167 0.302500 0.095000 0.130000
0 0.383333 0.168750 0.113333 0.122500
0 0.438333 0.293750 0.110000 0.132500
0 0.523333 0.051250 0.036667 0.097500
0 0.574167 0.133750 0.115000 0.022500
0 0.515833 0.150000 0.068333 0.090000
0 0.685000 0.062500 0.096667 0.105000
0 0.806667 0.051250 0.066667 0.092500
1 0.946667 0.122500 0.043333 0.050000
0 0.160000 0.477500 0.103333 0.185000
0 0.240833 0.451250 0.031667 0.142500
1 0.296667 0.547500 0.060000 0.070000
0 0.398333 0.497500 0.116667 0.190000
0 0.415833 0.558750 0.071667 0.137500
0 0.473333 0.600000 0.053333 0.130000
0 0.521667 0.501250 0.056667 0.047500
0 0.575000 0.497500 0.103333 0.130000
0 0.719167 0.360000 0.135000 0.110000
0 0.721667 0.480000 0.073333 0.120000
0 0.657500 0.616250 0.125000 0.152500
0 0.891667 0.547500 0.110000 0.195000
0 0.848333 0.331250 0.050000 0.147500
0 0.932500 0.202500 0.051667 0.130000
0 0.933333 0.281250 0.090000 0.137500
0 0.980000 0.665000 0.026667 0.230000
0 0.979167 0.853750 0.038333 0.102500
0 0.856667 0.737500 0.086667 0.105000
0 0.883333 0.827500 0.100000 0.150000
0 0.797500 0.805000 0.061667 0.170000
0 0.753333 0.906250 0.136667 0.037500
0 0.852500 0.958750 0.031667 0.077500
0 0.623333 0.865000 0.110000 0.125000
0 0.523333 0.911250 0.086667 0.122500
0 0.270000 0.883750 0.126667 0.112500
0 0.331667 0.698750 0.120000 0.082500
0 0.085833 0.841250 0.095000 0.152500
0 0.155000 0.795000 0.083333 0.155000