0 0.195833 0.113750 0.085000 0.147500
0 0.213333 0.107500 0.046667 0.080000
0 0.260000 0.150000 0.100000 0.105000
0 0.185000 0.197500 0.043333 0.140000
0 0.090833 0.141250 0.095000 0.137500
0 0.300000 0.050000 0.096667 0.040000
0 0.469167 0.125000 0.158333 0.090000
0 0.500833 0.058750 0.148333 0.072500
0 0.624167 0.023750 0.021667 0.047500
0 0.669167 0.087500 0.065000 0.175000
0 0.791667 0.036250 0.116667 0.047500
0 0.883333 0.105000 0.106667 0.110000
0 0.842500 0.221250 0.131667 0.047500
0 0.747500 0.281250 0.081667 0.102500
0 0.680833 0.228750 0.111667 0.052500
0 0.498333 0.307500 0.056667 0.155000
0 0.414167 0.255000 0.058333 0.190000
0 0.020000 0.421250 0.020000 0.152500
0 0.170000 0.590000 0.173333 0.065000
0 0.039167 0.632500 0.071667 0.065000
0 0.096667 0.696250 0.026667 0.127500
0 0.244167 0.725000 0.041667 0.190000
0 0.340000 0.632500 0.086667 0.085000
0 0.313333 0.587500 0.073333 0.055000
0 0.383333 0.596250 0.066667 0.122500
0 0.413333 0.552500 0.100000 0.035000
0 0.496667 0.603750 0.106667 0.102500
0 0.605833 0.725000 0.101667 0.130000
0 0.603333 0.747500 0.070000 0.095000
0 0.559167 0.723750 0.081667 0.057500
0 0.764167 0.508750 0.125000 0.077500
0 0.646667 0.502500 0.063333 0.170000
0 0.607500 0.522500 0.135000 0.095000
0 0.780833 0.657500 0.105000 0.075000
0 0.897500 0.762500 0.058333 0.180000
0 0.960000 0.800000 0.073333 0.085000
0 0.971667 0.500000 0.053333 0.080000
0 0.807500 0.918750 0.045000 0.157500
0 0.675000 0.971250 0.036667 0.052500
0 0.633333 0.957500 0.076667 0.080000
0 0.546667 0.961250 0.116667 0.072500
0 0.395833 0.918750 0.141667 0.102500
0 0.299167 0.958750 0.065000 0.077500
0 0.195833 0.941250 0.105000 0.102500
0 0.088333 0.797500 0.070000 0.075000
0 0.077500 0.898750 0.095000 0.142500