0 0.445000 0.148750 0.110000 0.242500
0 0.538333 0.143750 0.153333 0.107500
0 0.526667 0.175000 0.126667 0.195000
0 0.087500 0.328750 0.111667 0.117500
0 0.095000 0.418750 0.173333 0.072500
0 0.040000 0.621250 0.080000 0.052500
0 0.255000 0.618750 0.076667 0.317500
0 0.135833 0.883750 0.205000 0.157500
0 0.681667 0.612500 0.130000 0.210000
0 0.722500 0.776250 0.165000 0.062500
0 0.834167 0.666250 0.111667 0.232500
0 0.932500 0.698750 0.131667 0.177500
0 0.905833 0.655000 0.105000 0.090000
0 0.571667 0.952500 0.110000 0.090000