0 0.225000 0.033750 0.036667 0.067500
0 0.337500 0.091250 0.055000 0.182500
1 0.565833 0.180000 0.051667 0.075000
0 0.828333 0.042500 0.103333 0.085000
0 0.345000 0.301250 0.023333 0.192500
0 0.229167 0.445000 0.095000 0.130000
0 0.157500 0.510000 0.085000 0.165000
0 0.468333 0.333750 0.090000 0.112500
0 0.468333 0.355000 0.050000 0.165000
0 0.542500 0.357500 0.055000 0.090000
0 0.522500 0.168750 0.058333 0.062500
0 0.726667 0.143750 0.070000 0.137500
0 0.700000 0.288750 0.113333 0.057500
0 0.773333 0.296250 0.046667 0.187500
0 0.800000 0.241250 0.040000 0.132500
0 0.766667 0.360000 0.093333 0.110000
0 0.730833 0.475000 0.078333 0.105000
0 0.696667 0.547500 0.153333 0.080000
0 0.930000 0.615000 0.100000 0.150000
0 0.942500 0.703750 0.111667 0.102500
0 0.867500 0.512500 0.091667 0.125000
0 0.820000 0.652500 0.080000 0.110000
0 0.640000 0.647500 0.106667 0.075000
0 0.653333 0.697500 0.083333 0.085000
0 0.751667 0.743750 0.050000 0.197500
0 0.395000 0.533750 0.076667 0.112500
0 0.531667 0.567500 0.116667 0.100000
0 0.568333 0.660000 0.083333 0.100000
0 0.364167 0.613750 0.138333 0.067500
1 0.369167 0.657500 0.055000 0.070000
0 0.200833 0.707500 0.055000 0.125000
0 0.155833 0.832500 0.041667 0.130000
0 0.130000 0.907500 0.026667 0.130000
0 0.103333 0.937500 0.033333 0.080000
0 0.247500 0.826250 0.048333 0.092500
0 0.191667 0.922500 0.073333 0.140000
0 0.346667 0.866250 0.093333 0.152500
0 0.483333 0.728750 0.073333 0.177500
0 0.612500 0.906250 0.041667 0.177500
0 0.655000 0.906250 0.060000 0.152500
0 0.769167 0.928750 0.071667 0.132500