0 0.095000 0.273750 0.130000 0.247500
0 0.123333 0.098750 0.160000 0.197500
0 0.619167 0.266250 0.128333 0.122500
0 0.595000 0.376250 0.160000 0.082500
0 0.696667 0.373750 0.046667 0.152500
0 0.922500 0.406250 0.138333 0.122500
0 0.796667 0.166250 0.093333 0.167500
0 0.829167 0.085000 0.098333 0.080000
0 0.973333 0.123750 0.050000 0.092500
0 0.735833 0.853750 0.118333 0.172500
0 0.872500 0.761250 0.118333 0.092500
0 0.255000 0.712500 0.116667 0.325000
0 0.256667 0.302500 0.146667 0.130000
0 0.258333 0.277500 0.073333 0.105000
0 0.269167 0.935000 0.151667 0.110000
0 0.080000 0.818750 0.100000 0.122500
0 0.027500 0.453750 0.048333 0.097500
1 0.512500 0.108750 0.058333 0.057500
1 0.706667 0.228750 0.063333 0.097500
1 0.799167 0.331250 0.051667 0.087500
1 0.032500 0.276250 0.045000 0.072500
1 0.140000 0.546250 0.046667 0.067500
1 0.594167 0.822500 0.061667 0.090000
0 0.358333 0.392500 0.136667 0.145000
1 0.333333 0.415000 0.043333 0.090000
1 0.729167 0.610000 0.051667 0.080000
1 0.835000 0.910000 0.063333 0.090000
4 0.371667 0.491250 0.100000 0.137500
1 0.967500 0.337500 0.048333 0.090000