0 0.174167 0.330000 0.105000 0.300000
0 0.390833 0.028750 0.061667 0.057500
0 0.750833 0.283750 0.101667 0.137500
0 0.809167 0.513750 0.075000 0.312500
0 0.775000 0.463750 0.110000 0.192500
0 0.901667 0.101250 0.050000 0.182500
0 0.540833 0.373750 0.098333 0.187500
0 0.457500 0.390000 0.075000 0.190000
0 0.307500 0.455000 0.101667 0.090000
0 0.037500 0.385000 0.071667 0.140000
0 0.135833 0.568750 0.101667 0.162500
0 0.202500 0.781250 0.128333 0.117500
0 0.415000 0.601250 0.106667 0.202500
0 0.475000 0.637500 0.090000 0.160000
0 0.765000 0.702500 0.156667 0.155000
0 0.495833 0.878750 0.085000 0.167500
1 0.613333 0.216250 0.066667 0.072500
1 0.615000 0.707500 0.076667 0.085000
1 0.193333 0.680000 0.066667 0.100000
1 0.750000 0.072500 0.043333 0.055000