0 0.040833 0.078750 0.045000 0.157500
0 0.293333 0.197500 0.086667 0.220000
0 0.429167 0.180000 0.055000 0.260000
0 0.517500 0.198750 0.131667 0.062500
0 0.548333 0.061250 0.056667 0.122500
0 0.593333 0.055000 0.033333 0.110000
0 0.770833 0.532500 0.151667 0.105000
0 0.669167 0.692500 0.055000 0.175000
0 0.822500 0.877500 0.148333 0.085000
0 0.955000 0.878750 0.086667 0.077500
0 0.607500 0.880000 0.181667 0.060000
0 0.325000 0.848750 0.116667 0.117500
0 0.462500 0.415000 0.111667 0.050000
0 0.180000 0.415000 0.123333 0.070000
0 0.302500 0.363750 0.111667 0.067500
1 0.068333 0.811250 0.046667 0.057500
1 0.937500 0.772500 0.038333 0.050000