0 0.033333 0.118750 0.060000 0.067500
0 0.082500 0.116250 0.071667 0.167500
0 0.035000 0.241250 0.066667 0.082500
0 0.195833 0.371250 0.045000 0.137500
0 0.203333 0.440000 0.103333 0.100000
0 0.118333 0.470000 0.040000 0.120000
0 0.042500 0.618750 0.078333 0.172500
0 0.062500 0.768750 0.068333 0.187500
0 0.162500 0.762500 0.158333 0.035000
0 0.230000 0.725000 0.070000 0.070000
0 0.280833 0.797500 0.065000 0.180000
0 0.392500 0.726250 0.131667 0.092500
0 0.463333 0.856250 0.043333 0.172500
0 0.602500 0.865000 0.118333 0.130000
0 0.607500 0.855000 0.028333 0.040000
0 0.730833 0.711250 0.045000 0.057500
0 0.784167 0.603750 0.065000 0.277500
0 0.836667 0.735000 0.100000 0.195000
0 0.894167 0.772500 0.071667 0.145000
0 0.830000 0.896250 0.110000 0.087500
0 0.843333 0.571250 0.176667 0.087500
0 0.890833 0.567500 0.088333 0.070000
0 0.954167 0.612500 0.071667 0.075000
0 0.926667 0.391250 0.036667 0.082500
0 0.870833 0.452500 0.045000 0.075000
0 0.830000 0.370000 0.080000 0.130000
0 0.885000 0.271250 0.086667 0.092500
0 0.932500 0.185000 0.131667 0.110000
0 0.962500 0.190000 0.061667 0.160000
0 0.966667 0.096250 0.063333 0.022500
0 0.340000 0.115000 0.086667 0.040000
0 0.495833 0.156250 0.075000 0.132500
0 0.575833 0.153750 0.015000 0.157500
0 0.674167 0.187500 0.145000 0.055000
0 0.617500 0.172500 0.085000 0.190000
0 0.588333 0.238750 0.120000 0.047500
0 0.544167 0.322500 0.125000 0.060000
0 0.532500 0.332500 0.095000 0.085000
2 0.600833 0.230000 0.201667 0.260000
0 0.327500 0.267500 0.058333 0.190000
0 0.280000 0.291250 0.040000 0.082500
0 0.409167 0.300000 0.128333 0.100000
0 0.630833 0.455000 0.158333 0.090000
0 0.545000 0.561250 0.106667 0.207500
0 0.482500 0.601250 0.131667 0.112500
0 0.465000 0.532500 0.066667 0.125000
0 0.385833 0.480000 0.098333 0.095000
0 0.193333 0.561250 0.023333 0.142500
0 0.777500 0.260000 0.061667 0.130000