0 0.578333 0.170000 0.126667 0.060000
0 0.144167 0.158750 0.061667 0.207500
0 0.182500 0.037500 0.185000 0.045000
0 0.310000 0.053750 0.090000 0.107500
0 0.042500 0.126250 0.078333 0.127500
0 0.033333 0.261250 0.063333 0.077500
0 0.040833 0.748750 0.068333 0.187500
0 0.313333 0.642500 0.096667 0.240000
0 0.380000 0.590000 0.150000 0.145000
0 0.662500 0.482500 0.078333 0.145000
0 0.587500 0.252500 0.071667 0.050000
0 0.795000 0.305000 0.053333 0.190000
0 0.881667 0.505000 0.070000 0.170000
0 0.945833 0.570000 0.075000 0.125000
0 0.878333 0.591250 0.086667 0.167500
0 0.785000 0.932500 0.153333 0.045000
0 0.960833 0.928750 0.025000 0.137500
5 0.742500 0.632500 0.051667 0.050000