0 0.246667 0.220000 0.003333 0.005000
0 0.455000 0.128750 0.186667 0.222500
0 0.550000 0.242500 0.003333 0.005000
0 0.815833 0.295000 0.215000 0.170000
0 0.783333 0.528750 0.150000 0.182500
0 0.534167 0.458750 0.185000 0.222500
0 0.242500 0.336250 0.168333 0.182500
0 0.320000 0.556250 0.156667 0.122500
0 0.458333 0.691250 0.133333 0.072500
0 0.482500 0.696250 0.068333 0.267500
0 0.355833 0.877500 0.085000 0.150000
0 0.611667 0.952500 0.203333 0.085000
0 0.160000 0.133750 0.176667 0.182500
4 0.256667 0.708750 0.146667 0.222500