0 0.260000 0.268750 0.160000 0.127500
0 0.566667 0.178750 0.156667 0.102500
0 0.859167 0.373750 0.081667 0.277500
0 0.817500 0.360000 0.071667 0.215000
0 0.865833 0.716250 0.078333 0.202500
0 0.772500 0.756250 0.098333 0.207500
0 0.736667 0.842500 0.120000 0.130000
0 0.222500 0.630000 0.131667 0.170000
0 0.147500 0.752500 0.101667 0.190000
0 0.050833 0.786250 0.101667 0.102500
0 0.013333 0.595000 0.023333 0.070000
1 0.181667 0.383750 0.060000 0.067500
1 0.370833 0.707500 0.061667 0.090000
0 0.457500 0.750000 0.058333 0.110000
0 0.296667 0.035000 0.106667 0.070000