0 0.100000 0.070000 0.066667 0.040000
0 0.036667 0.110000 0.073333 0.100000
0 0.383333 0.020000 0.033333 0.040000
0 0.205833 0.293750 0.101667 0.117500
0 0.103333 0.433750 0.096667 0.147500
0 0.030000 0.502500 0.056667 0.195000
0 0.100000 0.546250 0.036667 0.072500
0 0.094167 0.652500 0.041667 0.150000
0 0.198333 0.573750 0.106667 0.132500
0 0.340000 0.552500 0.126667 0.095000
0 0.286667 0.388750 0.053333 0.067500
0 0.340833 0.453750 0.055000 0.092500
0 0.392500 0.433750 0.081667 0.082500
0 0.523333 0.411250 0.060000 0.177500
0 0.523333 0.215000 0.116667 0.095000
0 0.653333 0.116250 0.173333 0.067500
0 0.744167 0.160000 0.105000 0.040000
0 0.893333 0.242500 0.080000 0.145000
0 0.841667 0.075000 0.146667 0.080000
0 0.815833 0.122500 0.058333 0.055000
0 0.965000 0.398750 0.053333 0.142500
0 0.931667 0.525000 0.116667 0.095000
0 0.661667 0.412500 0.140000 0.145000
0 0.685833 0.441250 0.075000 0.227500
0 0.593333 0.546250 0.043333 0.142500
0 0.585000 0.596250 0.056667 0.112500
0 0.507500 0.643750 0.121667 0.067500
0 0.401667 0.676250 0.070000 0.112500
0 0.465000 0.735000 0.050000 0.130000
0 0.519167 0.731250 0.061667 0.057500
0 0.660833 0.671250 0.121667 0.037500
0 0.776667 0.708750 0.056667 0.187500
0 0.833333 0.670000 0.093333 0.150000
0 0.951667 0.633750 0.090000 0.017500
0 0.662500 0.812500 0.111667 0.070000
0 0.559167 0.867500 0.048333 0.125000
0 0.585000 0.953750 0.040000 0.087500
0 0.445833 0.853750 0.078333 0.107500
0 0.440000 0.967500 0.040000 0.055000
0 0.368333 0.913750 0.073333 0.087500
0 0.237500 0.900000 0.071667 0.090000
0 0.190000 0.766250 0.126667 0.037500
0 0.158333 0.801250 0.103333 0.027500
0 0.156667 0.838750 0.100000 0.072500
0 0.024167 0.698750 0.048333 0.102500
0 0.037500 0.827500 0.071667 0.045000
0 0.016667 0.782500 0.033333 0.045000
0 0.062500 0.938750 0.055000 0.112500