0 0.367500 0.225000 0.071667 0.235000
0 0.264167 0.368750 0.178333 0.067500
0 0.409167 0.335000 0.118333 0.055000
0 0.453333 0.217500 0.086667 0.100000
0 0.554167 0.148750 0.071667 0.142500
0 0.625000 0.343750 0.140000 0.067500
0 0.910000 0.280000 0.146667 0.120000
0 0.955833 0.193750 0.081667 0.072500
0 0.736667 0.536250 0.140000 0.092500
0 0.651667 0.722500 0.060000 0.185000
0 0.499167 0.660000 0.061667 0.240000
0 0.416667 0.636250 0.053333 0.227500
0 0.327500 0.452500 0.065000 0.115000
0 0.127500 0.871250 0.055000 0.237500
0 0.592500 0.880000 0.178333 0.060000
0 0.761667 0.883750 0.133333 0.087500
0 0.940000 0.868750 0.116667 0.042500
0 0.881667 0.938750 0.066667 0.117500
1 0.033333 0.840000 0.053333 0.060000
0 0.744167 0.041250 0.078333 0.082500