0 0.159167 0.038750 0.045000 0.057500
0 0.169167 0.300000 0.065000 0.100000
0 0.350833 0.318750 0.101667 0.122500
0 0.361667 0.585000 0.106667 0.090000
0 0.080000 0.631250 0.140000 0.087500
0 0.015833 0.632500 0.028333 0.255000
0 0.089167 0.830000 0.051667 0.110000
0 0.174167 0.717500 0.088333 0.125000
0 0.539167 0.842500 0.081667 0.155000
0 0.968333 0.482500 0.053333 0.195000
0 0.921667 0.286250 0.066667 0.097500
0 0.644167 0.336250 0.071667 0.167500
0 0.763333 0.443750 0.176667 0.087500
3 0.733333 0.262500 0.030000 0.055000
3 0.820833 0.358750 0.025000 0.042500