0 0.900400 0.645312 0.057033 0.141675
0 0.433592 0.970312 0.142183 0.045825
0 0.140825 0.596613 0.050783 0.070325
0 0.837117 0.869525 0.058600 0.240100
0 0.303717 0.365237 0.022267 0.049225
0 0.363283 0.812513 0.064067 0.110425
0 0.350392 0.350387 0.017183 0.091925
0 0.275400 0.405212 0.090633 0.131775
0 0.347458 0.742700 0.093750 0.218750
0 0.442767 0.393738 0.040233 0.108325
0 0.072408 0.528262 0.142117 0.096625
0 0.753517 0.387775 0.078900 0.069800
0 0.644533 0.656775 0.012500 0.093750
0 0.454300 0.263738 0.096100 0.163675
0 0.624617 0.718225 0.082033 0.130200
0 0.655858 0.904175 0.061717 0.173950
0 0.634767 0.455075 0.021100 0.106500
0 0.847658 0.706000 0.117183 0.058850
0 0.148333 0.358750 0.130000 0.097500
0 0.135833 0.903750 0.165000 0.067500
1 0.304167 0.215000 0.058333 0.105000
1 0.549167 0.040000 0.048333 0.060000
1 0.784167 0.026250 0.078333 0.052500
1 0.928333 0.087500 0.043333 0.085000
1 0.972500 0.113750 0.041667 0.072500
1 0.550000 0.477500 0.060000 0.075000
1 0.418333 0.772500 0.060000 0.075000
1 0.525833 0.647500 0.075000 0.090000
4 0.720833 0.808750 0.085000 0.082500
1 0.876667 0.920000 0.060000 0.080000
1 0.330833 0.481250 0.051667 0.057500
4 0.769167 0.445000 0.091667 0.075000