0 0.694733 0.474612 0.020700 0.074225
0 0.605858 0.272462 0.035150 0.152475
0 0.101767 0.818737 0.036333 0.202075
0 0.942975 0.864838 0.045317 0.224475
0 0.609958 0.891675 0.123050 0.138550
0 0.231000 0.480087 0.069233 0.086725
0 0.246183 0.833075 0.129100 0.135950
0 0.500000 0.679162 0.112500 0.153125
0 0.821283 0.926825 0.102733 0.129700
0 0.799808 0.530075 0.053517 0.125250
0 0.722658 0.400650 0.011717 0.087250
0 0.924225 0.891400 0.129683 0.053650
0 0.033033 0.748688 0.062833 0.086975
0 0.786517 0.203525 0.097267 0.192450
0 0.921883 0.364450 0.014067 0.144000
0 0.707025 0.683337 0.110150 0.202075
0 0.928508 0.343025 0.124217 0.159250
0 0.814058 0.723187 0.045317 0.218225
0 0.469817 0.871613 0.197067 0.044275
0 0.782225 0.121600 0.024617 0.231000
0 0.698633 0.214675 0.052733 0.179500
0 0.800200 0.422275 0.076167 0.106000
0 0.162108 0.919537 0.118750 0.050525
0 0.120000 0.115000 0.063333 0.210000
0 0.328333 0.145000 0.063333 0.170000
0 0.459167 0.282500 0.181667 0.185000
0 0.524167 0.110000 0.168333 0.080000
0 0.240000 0.580000 0.103333 0.200000
0 0.055833 0.430000 0.101667 0.100000
0 0.255833 0.196250 0.118333 0.162500
0 0.064167 0.345000 0.078333 0.210000
0 0.146667 0.558750 0.093333 0.052500
0 0.094167 0.620000 0.081667 0.095000
0 0.636667 0.521250 0.083333 0.057500
1 0.610833 0.491250 0.051667 0.072500
1 0.020000 0.430000 0.036667 0.075000