0 0.207500 0.151250 0.115000 0.227500
0 0.123333 0.102500 0.083333 0.140000
0 0.264167 0.336250 0.121667 0.157500
0 0.326667 0.361250 0.036667 0.132500
0 0.227500 0.475000 0.185000 0.070000
0 0.221667 0.575000 0.113333 0.120000
0 0.335000 0.722500 0.050000 0.225000
0 0.217500 0.735000 0.105000 0.130000
0 0.148333 0.813750 0.150000 0.052500
0 0.035833 0.815000 0.068333 0.145000
0 0.409167 0.906250 0.105000 0.152500
0 0.601667 0.958750 0.090000 0.077500
0 0.470833 0.667500 0.108333 0.205000
0 0.529167 0.500000 0.068333 0.180000
0 0.700000 0.441250 0.133333 0.072500
0 0.780000 0.532500 0.140000 0.155000
0 0.687500 0.710000 0.161667 0.075000
0 0.670000 0.183750 0.040000 0.157500
0 0.697500 0.266250 0.071667 0.187500
5 0.400833 0.070000 0.098333 0.075000
5 0.432500 0.498750 0.048333 0.057500
1 0.383333 0.548750 0.050000 0.072500
1 0.125833 0.627500 0.061667 0.065000