0 0.204167 0.452500 0.215000 0.075000
0 0.019167 0.572500 0.038333 0.065000
0 0.174167 0.093750 0.078333 0.187500
0 0.120833 0.090000 0.095000 0.160000
0 0.480000 0.032500 0.043333 0.065000
0 0.564167 0.055000 0.135000 0.110000
0 0.515833 0.197500 0.095000 0.185000
0 0.489167 0.233750 0.068333 0.192500
0 0.225000 0.680000 0.160000 0.100000
0 0.135833 0.746250 0.101667 0.047500
0 0.100833 0.655000 0.101667 0.130000
0 0.031667 0.690000 0.060000 0.110000
0 0.170833 0.917500 0.148333 0.090000
0 0.078333 0.968750 0.053333 0.052500
0 0.072500 0.957500 0.031667 0.080000
0 0.627500 0.960000 0.035000 0.075000
0 0.420833 0.606250 0.128333 0.252500
0 0.719167 0.538750 0.031667 0.222500
0 0.711667 0.508750 0.113333 0.112500
0 0.801667 0.528750 0.080000 0.142500
0 0.968333 0.496250 0.060000 0.072500
0 0.951667 0.423750 0.093333 0.092500
0 0.790833 0.175000 0.131667 0.125000
1 0.550833 0.366250 0.041667 0.047500