0 0.135000 0.167500 0.053333 0.100000
0 0.275833 0.492500 0.158333 0.050000
0 0.273333 0.642500 0.086667 0.220000
0 0.631667 0.475000 0.053333 0.170000
0 0.630833 0.391250 0.071667 0.137500
0 0.528333 0.172500 0.060000 0.105000
0 0.541667 0.137500 0.080000 0.205000
0 0.661667 0.117500 0.150000 0.105000
0 0.919167 0.301250 0.058333 0.077500
0 0.747500 0.533750 0.168333 0.152500
3 0.816667 0.467500 0.036667 0.045000
0 0.086667 0.792500 0.170000 0.100000
0 0.158333 0.882500 0.046667 0.205000
0 0.111667 0.733750 0.043333 0.072500
3 0.734167 0.313750 0.038333 0.052500
0 0.859167 0.698750 0.081667 0.137500
0 0.968333 0.587500 0.043333 0.190000
0 0.540833 0.875000 0.071667 0.165000