0 0.094167 0.060000 0.148333 0.090000
0 0.120000 0.335000 0.160000 0.070000
0 0.063333 0.372500 0.116667 0.080000
0 0.075000 0.358750 0.040000 0.057500
0 0.425000 0.308750 0.206667 0.077500
0 0.467500 0.391250 0.135000 0.097500
0 0.479167 0.423750 0.061667 0.117500
0 0.683333 0.102500 0.106667 0.130000
0 0.782500 0.373750 0.071667 0.207500
0 0.855833 0.898750 0.118333 0.167500
0 0.576667 0.870000 0.156667 0.100000
0 0.368333 0.928750 0.160000 0.062500
0 0.426667 0.646250 0.070000 0.072500
0 0.447500 0.570000 0.081667 0.060000
0 0.475833 0.741250 0.121667 0.097500
4 0.335833 0.547500 0.091667 0.105000
1 0.207500 0.102500 0.068333 0.095000
1 0.509167 0.643750 0.095000 0.107500
1 0.150000 0.942500 0.053333 0.060000
1 0.493333 0.955000 0.040000 0.065000
1 0.435000 0.457500 0.040000 0.055000