0 0.108333 0.041250 0.033333 0.062500
0 0.136667 0.103750 0.043333 0.137500
1 0.061667 0.277500 0.063333 0.075000
0 0.496667 0.175000 0.116667 0.125000
0 0.580000 0.166250 0.076667 0.167500
0 0.659167 0.663750 0.155000 0.142500
0 0.847500 0.855000 0.055000 0.210000
0 0.919167 0.926250 0.141667 0.142500
0 0.453333 0.785000 0.106667 0.195000
0 0.050833 0.762500 0.091667 0.125000
0 0.064167 0.885000 0.061667 0.130000
0 0.269167 0.520000 0.078333 0.065000
0 0.345000 0.537500 0.083333 0.135000
3 0.725000 0.785000 0.046667 0.055000
3 0.281667 0.928750 0.040000 0.047500
1 0.102500 0.171250 0.045000 0.072500
0 0.051667 0.600000 0.093333 0.140000
1 0.715000 0.091250 0.046667 0.082500