0 0.194167 0.146250 0.148333 0.132500
0 0.388333 0.102500 0.050000 0.095000
0 0.412500 0.128750 0.131667 0.137500
0 0.346667 0.256250 0.053333 0.112500
0 0.255833 0.297500 0.101667 0.155000
0 0.098333 0.438750 0.110000 0.152500
0 0.235833 0.492500 0.098333 0.115000
0 0.368333 0.523750 0.110000 0.142500
0 0.517500 0.382500 0.161667 0.050000
0 0.569167 0.332500 0.141667 0.155000
0 0.636667 0.110000 0.166667 0.120000
0 0.691667 0.051250 0.066667 0.077500
0 0.765000 0.212500 0.110000 0.165000
0 0.674167 0.442500 0.051667 0.260000
0 0.841667 0.388750 0.143333 0.162500
0 0.935833 0.251250 0.051667 0.197500
0 0.537500 0.538750 0.068333 0.197500
0 0.976667 0.066250 0.033333 0.127500
0 0.430000 0.693750 0.146667 0.072500
0 0.342500 0.650000 0.061667 0.085000
0 0.346667 0.778750 0.083333 0.167500
0 0.284167 0.743750 0.061667 0.082500
0 0.239167 0.851250 0.051667 0.102500
0 0.243333 0.936250 0.126667 0.112500
0 0.095833 0.827500 0.088333 0.145000
0 0.066667 0.815000 0.090000 0.160000
0 0.521667 0.915000 0.076667 0.160000
0 0.643333 0.900000 0.113333 0.115000
0 0.903333 0.933750 0.086667 0.047500
0 0.944167 0.892500 0.078333 0.125000
0 0.971667 0.906250 0.053333 0.097500
3 0.973333 0.805000 0.023333 0.030000
0 0.900000 0.697500 0.120000 0.115000