0 0.081667 0.173750 0.103333 0.112500
0 0.193333 0.120000 0.103333 0.100000
0 0.196667 0.208750 0.100000 0.117500
0 0.296667 0.048750 0.113333 0.082500
0 0.424167 0.081250 0.088333 0.127500
0 0.506667 0.087500 0.126667 0.105000
0 0.651667 0.145000 0.113333 0.140000
0 0.710000 0.113750 0.066667 0.052500
0 0.810833 0.081250 0.065000 0.102500
0 0.900833 0.110000 0.098333 0.135000
0 0.715000 0.281250 0.070000 0.222500
0 0.627500 0.365000 0.098333 0.085000
0 0.639167 0.463750 0.048333 0.127500
0 0.600833 0.535000 0.071667 0.150000
0 0.515000 0.606250 0.126667 0.132500
0 0.405833 0.576250 0.105000 0.062500
0 0.461667 0.355000 0.090000 0.060000
0 0.382500 0.356250 0.075000 0.112500
0 0.030833 0.412500 0.058333 0.110000
0 0.160000 0.485000 0.063333 0.125000
0 0.220000 0.496250 0.083333 0.127500
0 0.264167 0.638750 0.081667 0.042500
0 0.365833 0.665000 0.128333 0.150000
0 0.865000 0.331250 0.070000 0.092500
0 0.950833 0.305000 0.078333 0.110000
0 0.942500 0.430000 0.085000 0.100000
0 0.879167 0.477500 0.038333 0.180000
0 0.852500 0.682500 0.128333 0.140000
0 0.930000 0.793750 0.096667 0.117500
0 0.952500 0.955000 0.068333 0.085000
0 0.735833 0.946250 0.105000 0.092500
0 0.821667 0.927500 0.050000 0.140000
0 0.660000 0.941250 0.046667 0.112500
0 0.609167 0.768750 0.068333 0.112500
0 0.598333 0.858750 0.100000 0.077500
0 0.530833 0.768750 0.081667 0.062500
0 0.465000 0.860000 0.130000 0.085000
0 0.402500 0.761250 0.118333 0.082500
0 0.303333 0.853750 0.090000 0.092500
0 0.320000 0.936250 0.016667 0.122500
0 0.280000 0.946250 0.060000 0.067500
0 0.048333 0.792500 0.063333 0.100000
0 0.057500 0.957500 0.038333 0.080000