0 0.053333 0.217500 0.103333 0.065000
0 0.106667 0.286250 0.060000 0.087500
0 0.373333 0.336250 0.060000 0.157500
0 0.310833 0.355000 0.128333 0.075000
0 0.478333 0.341250 0.040000 0.117500
0 0.754167 0.190000 0.071667 0.240000
0 0.881667 0.116250 0.156667 0.067500
0 0.480833 0.693750 0.085000 0.187500
0 0.310000 0.755000 0.090000 0.105000
0 0.235000 0.800000 0.066667 0.140000
0 0.181667 0.893750 0.056667 0.147500
0 0.515000 0.888750 0.076667 0.217500
0 0.626667 0.905000 0.073333 0.160000
0 0.684167 0.917500 0.115000 0.105000
0 0.927500 0.778750 0.065000 0.177500
5 0.739167 0.622500 0.048333 0.070000