0 0.031667 0.165000 0.060000 0.070000
0 0.041667 0.300000 0.060000 0.155000
0 0.131667 0.227500 0.106667 0.210000
0 0.127500 0.085000 0.045000 0.150000
0 0.603333 0.266250 0.083333 0.282500
0 0.883333 0.492500 0.093333 0.245000
0 0.420000 0.618750 0.070000 0.257500
0 0.532500 0.740000 0.118333 0.085000
0 0.672500 0.800000 0.085000 0.200000
0 0.612500 0.848750 0.125000 0.092500
0 0.427500 0.900000 0.135000 0.080000
0 0.181667 0.770000 0.070000 0.230000
0 0.265000 0.775000 0.066667 0.230000
0 0.286667 0.883750 0.090000 0.077500
0 0.224167 0.501250 0.098333 0.122500
5 0.329167 0.256250 0.095000 0.127500
1 0.036667 0.070000 0.040000 0.050000
0 0.390833 0.045000 0.078333 0.090000
0 0.536667 0.105000 0.053333 0.210000
0 0.595833 0.043750 0.095000 0.082500