0 0.101667 0.451250 0.120000 0.157500
0 0.044167 0.428750 0.081667 0.162500
0 0.345000 0.471250 0.176667 0.067500
0 0.340833 0.376250 0.098333 0.142500
0 0.410000 0.216250 0.110000 0.117500
0 0.448333 0.161250 0.113333 0.167500
0 0.523333 0.188750 0.060000 0.202500
0 0.632500 0.158750 0.148333 0.142500
0 0.760833 0.165000 0.125000 0.100000
0 0.676667 0.438750 0.086667 0.227500
0 0.623333 0.321250 0.090000 0.212500
0 0.510833 0.497500 0.095000 0.210000
0 0.592500 0.573750 0.038333 0.197500
0 0.406667 0.615000 0.090000 0.080000
0 0.320833 0.621250 0.061667 0.207500
0 0.270000 0.572500 0.033333 0.155000
0 0.208333 0.562500 0.106667 0.040000
0 0.105833 0.747500 0.098333 0.160000
0 0.076667 0.900000 0.106667 0.145000
0 0.261667 0.913750 0.153333 0.117500
0 0.511667 0.798750 0.173333 0.092500
0 0.499167 0.726250 0.058333 0.142500
0 0.607500 0.730000 0.081667 0.145000
0 0.573333 0.947500 0.110000 0.095000
0 0.455000 0.927500 0.110000 0.140000
0 0.825833 0.872500 0.065000 0.165000
0 0.982500 0.873750 0.031667 0.047500
0 0.960833 0.902500 0.045000 0.125000
0 0.928333 0.590000 0.050000 0.200000