0 0.792500 0.056250 0.071667 0.092500
0 0.864167 0.135000 0.145000 0.050000
0 0.540833 0.180000 0.105000 0.140000
0 0.484167 0.095000 0.135000 0.050000
0 0.412500 0.188750 0.095000 0.082500
0 0.355000 0.141250 0.070000 0.117500
0 0.280000 0.112500 0.053333 0.090000
0 0.305833 0.063750 0.088333 0.087500
0 0.198333 0.137500 0.093333 0.090000
0 0.210000 0.056250 0.050000 0.072500
0 0.247500 0.258750 0.051667 0.142500
0 0.298333 0.293750 0.086667 0.117500
0 0.434167 0.356250 0.125000 0.132500
0 0.175000 0.305000 0.103333 0.090000
0 0.159167 0.183750 0.088333 0.127500
0 0.083333 0.193750 0.053333 0.107500
0 0.050000 0.185000 0.063333 0.145000
0 0.087500 0.396250 0.068333 0.092500
0 0.029167 0.461250 0.045000 0.112500
0 0.054167 0.650000 0.041667 0.130000
0 0.130000 0.658750 0.080000 0.142500
0 0.189167 0.542500 0.065000 0.150000
0 0.052500 0.760000 0.061667 0.080000
0 0.099167 0.760000 0.061667 0.080000
0 0.132500 0.891250 0.078333 0.177500
0 0.270833 0.802500 0.118333 0.110000
0 0.270000 0.725000 0.106667 0.115000
0 0.349167 0.667500 0.095000 0.105000
0 0.435833 0.611250 0.101667 0.112500
0 0.544167 0.576250 0.115000 0.102500
0 0.539167 0.606250 0.068333 0.182500
0 0.597500 0.552500 0.085000 0.135000
0 0.678333 0.473750 0.090000 0.107500
0 0.610000 0.781250 0.160000 0.122500
0 0.670000 0.842500 0.060000 0.170000
0 0.758333 0.805000 0.126667 0.085000
0 0.869167 0.731250 0.095000 0.172500
0 0.933333 0.890000 0.073333 0.100000
0 0.951667 0.960000 0.090000 0.075000
0 0.803333 0.935000 0.066667 0.125000
0 0.596667 0.920000 0.120000 0.025000
0 0.553333 0.905000 0.086667 0.095000
0 0.527500 0.816250 0.088333 0.072500
0 0.422500 0.958750 0.048333 0.077500