1 0.703525 0.233975 0.039850 0.048700
0 0.090000 0.283750 0.096667 0.217500
0 0.065833 0.482500 0.121667 0.170000
0 0.061667 0.488750 0.120000 0.132500
0 0.233333 0.740000 0.123333 0.285000
0 0.744167 0.876250 0.115000 0.147500
0 0.247500 0.296250 0.148333 0.147500
0 0.266667 0.312500 0.096667 0.040000
0 0.256667 0.286250 0.073333 0.127500
0 0.253333 0.932500 0.183333 0.125000
0 0.064167 0.848750 0.125000 0.152500
0 0.596667 0.677500 0.116667 0.150000
0 0.705000 0.442500 0.073333 0.260000
0 0.920833 0.411250 0.148333 0.117500
0 0.808333 0.156250 0.083333 0.172500
0 0.970000 0.112500 0.053333 0.065000
0 0.820000 0.083750 0.106667 0.062500
0 0.574167 0.428750 0.168333 0.187500
0 0.640833 0.276250 0.108333 0.132500
0 0.886667 0.782500 0.133333 0.050000
0 0.107500 0.097500 0.148333 0.155000
0 0.512500 0.105000 0.065000 0.080000
0 0.028333 0.278750 0.040000 0.057500
0 0.365833 0.408750 0.075000 0.062500
0 0.672500 0.663750 0.051667 0.112500
1 0.320833 0.410000 0.045000 0.065000
4 0.364167 0.497500 0.115000 0.110000
4 0.594167 0.836250 0.051667 0.087500
1 0.832500 0.912500 0.051667 0.080000
1 0.805000 0.332500 0.046667 0.065000
1 0.961667 0.343750 0.050000 0.082500