0 0.025000 0.153750 0.050000 0.087500
0 0.047500 0.413750 0.095000 0.147500
0 0.107500 0.448750 0.101667 0.142500
0 0.159167 0.526250 0.068333 0.132500
0 0.231667 0.553750 0.110000 0.132500
0 0.330000 0.541250 0.060000 0.207500
0 0.426667 0.567500 0.130000 0.110000
0 0.522500 0.498750 0.111667 0.132500
0 0.486667 0.472500 0.083333 0.135000
0 0.495000 0.323750 0.083333 0.122500
0 0.556667 0.280000 0.086667 0.140000
0 0.680000 0.435000 0.073333 0.270000
0 0.635833 0.122500 0.168333 0.060000
0 0.575833 0.208750 0.058333 0.097500
0 0.625000 0.585000 0.050000 0.210000
0 0.593333 0.600000 0.120000 0.060000
0 0.556667 0.677500 0.100000 0.180000
0 0.685833 0.767500 0.128333 0.045000
0 0.768333 0.745000 0.110000 0.090000
0 0.381667 0.743750 0.043333 0.227500
0 0.343333 0.895000 0.126667 0.195000
0 0.280833 0.931250 0.158333 0.117500
0 0.225833 0.830000 0.065000 0.105000
0 0.115833 0.856250 0.061667 0.207500
0 0.066667 0.926250 0.080000 0.132500
0 0.976667 0.870000 0.036667 0.040000
0 0.955000 0.903750 0.040000 0.122500
0 0.464167 0.823750 0.095000 0.187500
0 0.344167 0.343750 0.111667 0.197500