0 0.165000 0.041250 0.116667 0.082500
0 0.309167 0.026250 0.095000 0.047500
0 0.110000 0.138750 0.126667 0.052500
0 0.018333 0.145000 0.020000 0.130000
0 0.084167 0.456250 0.051667 0.167500
0 0.317500 0.427500 0.091667 0.040000
0 0.248333 0.455000 0.110000 0.090000
0 0.083333 0.635000 0.116667 0.120000
0 0.190833 0.670000 0.088333 0.105000
0 0.205000 0.608750 0.076667 0.097500
0 0.426667 0.625000 0.106667 0.150000
0 0.370833 0.346250 0.055000 0.072500
0 0.329167 0.321250 0.068333 0.102500
0 0.320833 0.292500 0.035000 0.090000
0 0.365833 0.177500 0.065000 0.125000
0 0.458333 0.192500 0.096667 0.085000
0 0.449167 0.352500 0.048333 0.190000
0 0.532500 0.245000 0.101667 0.115000
0 0.503333 0.367500 0.026667 0.135000
0 0.637500 0.308750 0.085000 0.207500
0 0.793333 0.243750 0.200000 0.067500
0 0.755833 0.141250 0.165000 0.037500
0 0.771667 0.362500 0.040000 0.155000
0 0.757500 0.377500 0.078333 0.100000
0 0.720000 0.518750 0.060000 0.157500
0 0.631667 0.501250 0.076667 0.172500
0 0.542500 0.575000 0.091667 0.090000
0 0.624167 0.705000 0.081667 0.170000
0 0.741667 0.706250 0.066667 0.102500
0 0.805833 0.606250 0.028333 0.132500
0 0.821667 0.715000 0.050000 0.075000
0 0.807500 0.582500 0.121667 0.085000
0 0.895000 0.761250 0.056667 0.222500
0 0.792500 0.830000 0.065000 0.180000
0 0.448333 0.851250 0.070000 0.122500
0 0.371667 0.860000 0.090000 0.080000
0 0.326667 0.806250 0.090000 0.162500
0 0.201667 0.846250 0.116667 0.072500
0 0.126667 0.766250 0.046667 0.172500
0 0.088333 0.866250 0.076667 0.087500
0 0.075833 0.933750 0.078333 0.127500
0 0.261667 0.912500 0.063333 0.085000
0 0.177500 0.963750 0.075000 0.067500
0 0.440833 0.953750 0.048333 0.082500
0 0.482500 0.958750 0.031667 0.077500