1 0.365242 0.726575 0.037117 0.043750
1 0.153225 0.433350 0.035350 0.051050
0 0.175000 0.287500 0.076667 0.195000
0 0.095833 0.366250 0.068333 0.207500
0 0.109167 0.807500 0.131667 0.220000
0 0.335000 0.588750 0.136667 0.137500
0 0.448333 0.585000 0.090000 0.210000
0 0.572500 0.217500 0.125000 0.145000
0 0.680000 0.437500 0.170000 0.125000
0 0.740000 0.117500 0.116667 0.230000
0 0.826667 0.415000 0.116667 0.305000
0 0.945000 0.396250 0.096667 0.147500
0 0.854167 0.735000 0.091667 0.185000
0 0.825833 0.826250 0.111667 0.182500
0 0.269167 0.061250 0.141667 0.082500
0 0.440000 0.780000 0.103333 0.100000