0 0.071667 0.158750 0.040000 0.202500
0 0.280833 0.115000 0.028333 0.175000
0 0.390000 0.065000 0.130000 0.090000
0 0.602500 0.126250 0.108333 0.092500
0 0.653333 0.083750 0.026667 0.137500
0 0.781667 0.080000 0.100000 0.080000
0 0.750000 0.253750 0.180000 0.067500
0 0.850000 0.346250 0.170000 0.062500
1 0.968333 0.335000 0.040000 0.085000
0 0.565000 0.372500 0.053333 0.200000
0 0.361667 0.453750 0.080000 0.172500
0 0.291667 0.500000 0.126667 0.060000
0 0.192500 0.555000 0.078333 0.145000
0 0.065833 0.637500 0.051667 0.075000
0 0.061667 0.852500 0.080000 0.210000
0 0.228333 0.850000 0.093333 0.140000
0 0.558333 0.693750 0.120000 0.097500
0 0.722500 0.606250 0.125000 0.157500
0 0.716667 0.498750 0.103333 0.097500
0 0.931667 0.718750 0.073333 0.117500
0 0.695833 0.825000 0.095000 0.120000
0 0.643333 0.813750 0.043333 0.067500
0 0.563333 0.212500 0.050000 0.100000
5 0.270833 0.233750 0.038333 0.072500
0 0.110000 0.340000 0.070000 0.085000
1 0.205833 0.698750 0.058333 0.092500
3 0.457500 0.177500 0.041667 0.050000