0 0.145833 0.132500 0.058333 0.055000
0 0.199167 0.391250 0.071667 0.222500
0 0.290833 0.612500 0.085000 0.200000
0 0.356667 0.375000 0.100000 0.120000
0 0.521667 0.171250 0.020000 0.097500
0 0.551667 0.135000 0.086667 0.210000
0 0.677500 0.081250 0.151667 0.152500
0 0.920833 0.297500 0.081667 0.070000
0 0.637500 0.378750 0.091667 0.152500
0 0.760833 0.515000 0.188333 0.145000
0 0.971667 0.547500 0.040000 0.240000
0 0.159167 0.822500 0.058333 0.180000
0 0.087500 0.900000 0.061667 0.115000
0 0.060000 0.717500 0.116667 0.095000
0 0.540833 0.903750 0.098333 0.187500