0 0.490000 0.213750 0.160000 0.137500
0 0.120833 0.150000 0.121667 0.220000
0 0.230833 0.307500 0.141667 0.255000
0 0.234167 0.473750 0.051667 0.092500
0 0.390000 0.463750 0.193333 0.102500
0 0.648333 0.432500 0.143333 0.300000
0 0.636667 0.407500 0.053333 0.145000
0 0.734167 0.206250 0.101667 0.212500
0 0.776667 0.205000 0.076667 0.290000
0 0.561667 0.033750 0.203333 0.047500
0 0.495000 0.908750 0.086667 0.177500
0 0.773333 0.918750 0.146667 0.147500
0 0.294167 0.742500 0.111667 0.125000
0 0.302500 0.898750 0.205000 0.112500
0 0.130000 0.973750 0.100000 0.047500
0 0.185833 0.745000 0.078333 0.130000
0 0.090833 0.671250 0.178333 0.172500
0 0.125833 0.536250 0.148333 0.087500