0 0.029167 0.051250 0.055000 0.087500
0 0.169167 0.040000 0.088333 0.080000
0 0.145000 0.113750 0.076667 0.087500
0 0.286667 0.198750 0.066667 0.137500
0 0.340000 0.268750 0.040000 0.182500
0 0.331667 0.285000 0.063333 0.095000
0 0.438333 0.238750 0.063333 0.077500
0 0.492500 0.226250 0.101667 0.052500
0 0.430833 0.185000 0.131667 0.070000
0 0.414167 0.310000 0.071667 0.080000
0 0.421667 0.398750 0.106667 0.062500
0 0.482500 0.480000 0.068333 0.105000
0 0.426667 0.622500 0.083333 0.120000
0 0.103333 0.627500 0.146667 0.125000
0 0.047500 0.636250 0.088333 0.027500
0 0.151667 0.816250 0.096667 0.187500
0 0.019167 0.773750 0.035000 0.132500
0 0.499167 0.698750 0.108333 0.057500
0 0.247500 0.941250 0.151667 0.097500
0 0.494167 0.888750 0.045000 0.177500
0 0.802500 0.831250 0.095000 0.202500
0 0.894167 0.763750 0.058333 0.227500
0 0.910000 0.640000 0.066667 0.100000
0 0.802500 0.605000 0.105000 0.070000
0 0.835000 0.498750 0.076667 0.077500
0 0.759167 0.508750 0.031667 0.092500
0 0.720000 0.531250 0.060000 0.072500
0 0.745833 0.603750 0.051667 0.082500
0 0.641667 0.530000 0.056667 0.140000
0 0.627500 0.380000 0.105000 0.115000
0 0.710000 0.360000 0.036667 0.160000
0 0.778333 0.388750 0.110000 0.157500
0 0.793333 0.225000 0.166667 0.070000
0 0.752500 0.135000 0.168333 0.035000
0 0.945000 0.135000 0.053333 0.095000
0 0.939167 0.553750 0.071667 0.077500
0 0.977500 0.430000 0.041667 0.040000
0 0.174167 0.292500 0.148333 0.135000