0 0.370833 0.151250 0.051667 0.202500
0 0.470833 0.225000 0.131667 0.180000
0 0.440000 0.053750 0.050000 0.107500
0 0.098333 0.250000 0.130000 0.175000
0 0.030833 0.613750 0.058333 0.167500
0 0.196667 0.611250 0.160000 0.057500
0 0.371667 0.587500 0.030000 0.210000
0 0.696667 0.567500 0.030000 0.265000
0 0.870000 0.530000 0.160000 0.080000
0 0.950000 0.433750 0.096667 0.112500
0 0.589167 0.332500 0.055000 0.210000
0 0.164167 0.791250 0.078333 0.142500
0 0.140000 0.957500 0.120000 0.075000
0 0.717500 0.855000 0.135000 0.150000
0 0.905000 0.752500 0.080000 0.225000
1 0.514167 0.402500 0.048333 0.055000
0 0.911667 0.165000 0.106667 0.145000
0 0.770000 0.056250 0.040000 0.107500