0 0.115000 0.122500 0.093333 0.190000
0 0.030833 0.062500 0.061667 0.055000
0 0.029167 0.138750 0.055000 0.097500
0 0.165000 0.067500 0.070000 0.105000
0 0.187500 0.167500 0.065000 0.190000
0 0.215000 0.173750 0.066667 0.052500
0 0.231667 0.227500 0.086667 0.060000
0 0.340833 0.147500 0.158333 0.105000
0 0.275000 0.086250 0.056667 0.062500
0 0.340833 0.037500 0.121667 0.065000
0 0.479167 0.123750 0.098333 0.072500
0 0.503333 0.217500 0.106667 0.155000
0 0.571667 0.165000 0.073333 0.110000
0 0.537500 0.147500 0.141667 0.095000
0 0.660833 0.045000 0.068333 0.090000
0 0.815000 0.076250 0.096667 0.052500
0 0.835833 0.113750 0.058333 0.062500
0 0.921667 0.081250 0.050000 0.132500
0 0.840000 0.177500 0.063333 0.115000
0 0.735000 0.168750 0.080000 0.057500
0 0.634167 0.205000 0.131667 0.105000
0 0.961667 0.231250 0.046667 0.122500
0 0.932500 0.353750 0.128333 0.107500
0 0.947500 0.420000 0.081667 0.185000
0 0.808333 0.467500 0.050000 0.210000
0 0.729167 0.406250 0.055000 0.172500
0 0.681667 0.372500 0.053333 0.125000
0 0.502500 0.471250 0.105000 0.092500
0 0.395000 0.341250 0.183333 0.122500
0 0.518333 0.533750 0.106667 0.067500
0 0.616667 0.571250 0.116667 0.107500
0 0.580000 0.562500 0.083333 0.125000
0 0.563333 0.581250 0.133333 0.137500
0 0.724167 0.531250 0.095000 0.057500
0 0.736667 0.640000 0.100000 0.120000
0 0.720833 0.748750 0.121667 0.197500
0 0.818333 0.595000 0.113333 0.110000
0 0.833333 0.843750 0.070000 0.167500
0 0.923333 0.905000 0.063333 0.170000
0 0.075833 0.435000 0.078333 0.150000
0 0.125000 0.306250 0.100000 0.087500
0 0.035833 0.331250 0.068333 0.122500
0 0.195833 0.475000 0.038333 0.105000
0 0.270000 0.517500 0.130000 0.055000
0 0.396667 0.555000 0.086667 0.110000
0 0.065000 0.563750 0.086667 0.092500
0 0.067500 0.598750 0.051667 0.087500
0 0.144167 0.578750 0.038333 0.182500
0 0.184167 0.632500 0.071667 0.110000
0 0.249167 0.723750 0.135000 0.112500
0 0.378333 0.716250 0.086667 0.147500
0 0.565000 0.761250 0.050000 0.222500
0 0.271667 0.906250 0.106667 0.182500
0 0.268333 0.843750 0.046667 0.087500
0 0.296667 0.825000 0.043333 0.135000
0 0.142500 0.812500 0.111667 0.140000
0 0.123333 0.951250 0.066667 0.092500
0 0.145000 0.892500 0.053333 0.090000
0 0.474167 0.936250 0.078333 0.122500
0 0.608333 0.952500 0.123333 0.055000
0 0.755833 0.945000 0.065000 0.055000
0 0.814167 0.968750 0.111667 0.057500
1 0.425000 0.871250 0.056667 0.077500