0 0.022500 0.157500 0.045000 0.115000
0 0.336667 0.087500 0.166667 0.125000
0 0.219167 0.378750 0.141667 0.122500
0 0.280833 0.522500 0.175000 0.095000
0 0.070833 0.356250 0.031667 0.092500
0 0.044167 0.646250 0.061667 0.067500
0 0.330833 0.338750 0.068333 0.177500
0 0.594167 0.133750 0.115000 0.137500
0 0.513333 0.252500 0.050000 0.095000
0 0.706667 0.301250 0.180000 0.077500
0 0.782500 0.398750 0.165000 0.072500
0 0.694167 0.625000 0.108333 0.150000
0 0.680833 0.536250 0.108333 0.092500
0 0.515000 0.430000 0.053333 0.205000
0 0.793333 0.728750 0.136667 0.082500
0 0.917500 0.725000 0.095000 0.110000
0 0.954167 0.822500 0.088333 0.100000
0 0.665833 0.826250 0.101667 0.177500
0 0.365000 0.750000 0.130000 0.105000
0 0.235833 0.837500 0.081667 0.135000
0 0.038333 0.865000 0.073333 0.160000
1 0.920833 0.390000 0.035000 0.050000
1 0.160833 0.732500 0.055000 0.065000
3 0.459167 0.180000 0.041667 0.050000