0 0.480833 0.107500 0.135000 0.205000
0 0.671667 0.090000 0.153333 0.145000
0 0.940833 0.070000 0.115000 0.125000
0 0.555000 0.333750 0.186667 0.127500
0 0.185833 0.140000 0.118333 0.195000
0 0.107500 0.161250 0.051667 0.122500
0 0.075833 0.237500 0.038333 0.065000
0 0.106667 0.311250 0.050000 0.142500
1 0.028333 0.482500 0.050000 0.080000
0 0.335000 0.657500 0.083333 0.110000
0 0.241667 0.710000 0.116667 0.125000
0 0.052500 0.853750 0.101667 0.187500
0 0.627500 0.883750 0.135000 0.122500
0 0.822500 0.931250 0.068333 0.117500
3 0.699167 0.978750 0.048333 0.037500
1 0.079167 0.382500 0.055000 0.065000
1 0.695833 0.255000 0.051667 0.070000