0 0.555000 0.222500 0.133333 0.255000
0 0.616667 0.103750 0.116667 0.087500
0 0.126667 0.185000 0.086667 0.230000
1 0.052500 0.326250 0.061667 0.092500
0 0.358333 0.563750 0.113333 0.142500
0 0.278333 0.567500 0.140000 0.095000
0 0.066667 0.675000 0.130000 0.115000
0 0.153333 0.723750 0.063333 0.062500
0 0.065833 0.931250 0.061667 0.132500
0 0.051667 0.813750 0.090000 0.112500
0 0.457500 0.826250 0.105000 0.192500
0 0.653333 0.715000 0.123333 0.130000
0 0.855833 0.892500 0.065000 0.210000
3 0.726667 0.827500 0.036667 0.040000
3 0.278333 0.966250 0.033333 0.047500
1 0.105000 0.222500 0.063333 0.065000
1 0.717500 0.126250 0.051667 0.062500
3 0.395833 0.577500 0.031667 0.040000
0 0.470000 0.031250 0.120000 0.062500