1 0.564842 0.055412 0.031250 0.040625
1 0.458400 0.273375 0.034767 0.044400
4 0.543950 0.635675 0.045700 0.066150
1 0.480458 0.659113 0.035150 0.045325
1 0.722650 0.779438 0.025000 0.039075
1 0.655667 0.794525 0.026167 0.040100
1 0.471675 0.577600 0.025383 0.032300
5 0.618158 0.607038 0.075383 0.088025
1 0.258792 0.463137 0.025783 0.053375
4 0.145117 0.629425 0.053900 0.065100
1 0.830475 0.681512 0.029683 0.036975
1 0.688475 0.791412 0.021483 0.056775
1 0.109658 0.106475 0.033783 0.039900
0 0.393333 0.156250 0.060000 0.072500
0 0.595833 0.291250 0.155000 0.112500
0 0.587500 0.118750 0.058333 0.072500
0 0.120000 0.165000 0.120000 0.070000
0 0.057500 0.253750 0.058333 0.242500
0 0.183333 0.643750 0.160000 0.147500
0 0.047500 0.673750 0.081667 0.202500
0 0.238333 0.888750 0.076667 0.207500
0 0.546667 0.910000 0.116667 0.095000
0 0.595833 0.878750 0.138333 0.117500
0 0.688333 0.912500 0.116667 0.110000
0 0.811667 0.887500 0.060000 0.055000
0 0.792500 0.715000 0.081667 0.150000
0 0.766667 0.556250 0.106667 0.132500
0 0.578333 0.465000 0.110000 0.070000
0 0.580833 0.392500 0.158333 0.045000
0 0.260000 0.352500 0.083333 0.130000
0 0.893333 0.233750 0.130000 0.047500
0 0.804167 0.141250 0.085000 0.097500
0 0.874167 0.145000 0.118333 0.095000
0 0.963333 0.282500 0.056667 0.120000
0 0.706667 0.227500 0.113333 0.180000
0 0.242500 0.097500 0.171667 0.085000
0 0.233333 0.122500 0.046667 0.170000
0 0.258333 0.136250 0.053333 0.092500
0 0.701667 0.038750 0.140000 0.052500
0 0.686667 0.098750 0.130000 0.077500
0 0.882500 0.336250 0.111667 0.167500
0 0.136667 0.948750 0.073333 0.097500