0 0.248333 0.213750 0.093333 0.107500
0 0.349167 0.221250 0.055000 0.152500
0 0.359167 0.285000 0.065000 0.170000
0 0.285833 0.258750 0.115000 0.142500
0 0.480000 0.133750 0.156667 0.142500
0 0.553333 0.236250 0.050000 0.192500
0 0.611667 0.145000 0.046667 0.215000
0 0.753333 0.372500 0.200000 0.080000
0 0.949167 0.392500 0.065000 0.165000
1 0.634167 0.443750 0.058333 0.077500
0 0.230000 0.568750 0.110000 0.242500
0 0.235000 0.492500 0.060000 0.050000
0 0.304167 0.596250 0.091667 0.087500
3 0.052500 0.743750 0.045000 0.062500
0 0.185833 0.955000 0.045000 0.075000
0 0.294167 0.802500 0.081667 0.205000
0 0.438333 0.805000 0.060000 0.110000
0 0.481667 0.952500 0.066667 0.085000
0 0.747500 0.968750 0.058333 0.057500
0 0.900000 0.775000 0.063333 0.085000
1 0.969167 0.776250 0.058333 0.102500