0 0.298333 0.151250 0.113333 0.112500
0 0.238333 0.052500 0.060000 0.055000
0 0.220000 0.156250 0.103333 0.212500
0 0.442500 0.240000 0.065000 0.125000
0 0.250833 0.298750 0.055000 0.122500
0 0.145833 0.626250 0.031667 0.307500
0 0.506667 0.627500 0.200000 0.055000
0 0.555000 0.705000 0.080000 0.165000
0 0.735833 0.827500 0.081667 0.125000
0 0.775833 0.531250 0.088333 0.187500
0 0.729167 0.428750 0.091667 0.112500
0 0.888333 0.390000 0.040000 0.060000
1 0.953333 0.315000 0.073333 0.090000
0 0.963333 0.403750 0.043333 0.087500