0 0.330833 0.186250 0.048333 0.162500
0 0.433333 0.190000 0.103333 0.140000
0 0.135833 0.060000 0.081667 0.120000
0 0.191667 0.295000 0.060000 0.090000
0 0.280000 0.253750 0.060000 0.072500
0 0.653333 0.213750 0.143333 0.167500
0 0.891667 0.125000 0.123333 0.170000
0 0.615000 0.523750 0.146667 0.192500
0 0.495000 0.538750 0.073333 0.167500
0 0.687500 0.651250 0.178333 0.142500
0 0.748333 0.820000 0.073333 0.160000
0 0.665000 0.748750 0.100000 0.077500
0 0.846667 0.811250 0.080000 0.157500
0 0.906667 0.558750 0.103333 0.192500
0 0.790833 0.395000 0.115000 0.115000
0 0.814167 0.622500 0.068333 0.125000