0 0.787500 0.100700 0.023433 0.079850
0 0.138383 0.472787 0.102533 0.098175
0 0.617575 0.539575 0.054683 0.098950
0 0.027442 0.679163 0.037317 0.029175
0 0.786725 0.678650 0.104683 0.125000
0 0.071442 0.684625 0.093817 0.215100
0 0.255375 0.432550 0.078317 0.078650
0 0.256350 0.905475 0.087300 0.165100
0 0.344342 0.589325 0.037117 0.102600
0 0.761717 0.963025 0.026567 0.062500
0 0.763283 0.448437 0.160933 0.121875
0 0.020967 0.033200 0.040100 0.043500
0 0.363967 0.448950 0.102533 0.181250
0 0.444833 0.969788 0.119733 0.041675
0 0.054608 0.181612 0.105050 0.111275
0 0.242183 0.926837 0.057033 0.126575
0 0.835550 0.344400 0.078900 0.058600
0 0.227250 0.534237 0.093167 0.135675
0 0.540000 0.882500 0.136667 0.155000
1 0.290833 0.261250 0.071667 0.082500
1 0.527500 0.072500 0.051667 0.085000
1 0.792500 0.026250 0.065000 0.037500
1 0.962500 0.130000 0.045000 0.080000
1 0.915833 0.131250 0.045000 0.082500
4 0.745000 0.458750 0.050000 0.077500
1 0.449167 0.656250 0.061667 0.107500
4 0.523333 0.660000 0.066667 0.100000
4 0.379167 0.868750 0.075000 0.102500
4 0.702500 0.838750 0.051667 0.117500
1 0.348333 0.025000 0.040000 0.050000