0 0.132500 0.102500 0.041667 0.165000
0 0.040833 0.301250 0.055000 0.232500
0 0.141667 0.288750 0.096667 0.192500
0 0.391667 0.072500 0.036667 0.145000
0 0.538333 0.126250 0.113333 0.247500
0 0.606667 0.322500 0.070000 0.250000
0 0.870000 0.558750 0.106667 0.237500
0 0.234167 0.571250 0.105000 0.137500
0 0.030000 0.545000 0.056667 0.050000
0 0.178333 0.833750 0.086667 0.222500
0 0.257500 0.837500 0.075000 0.225000
0 0.275000 0.928750 0.106667 0.092500
0 0.432500 0.946250 0.128333 0.102500
0 0.410833 0.670000 0.075000 0.260000
0 0.519167 0.800000 0.128333 0.080000
0 0.614167 0.853750 0.091667 0.082500
0 0.676667 0.836250 0.093333 0.187500
5 0.327500 0.255000 0.088333 0.130000
1 0.042500 0.137500 0.055000 0.055000
1 0.625833 0.888750 0.068333 0.082500