0 0.198333 0.053750 0.143333 0.047500
0 0.274167 0.075000 0.085000 0.130000
0 0.380000 0.087500 0.060000 0.165000
0 0.271667 0.290000 0.093333 0.150000
0 0.375833 0.298750 0.131667 0.177500
0 0.410833 0.365000 0.091667 0.065000
0 0.590000 0.216250 0.096667 0.147500
0 0.663333 0.355000 0.106667 0.105000
0 0.774167 0.516250 0.135000 0.112500
0 0.956667 0.512500 0.076667 0.165000
0 0.745000 0.743750 0.106667 0.137500
0 0.932500 0.703750 0.125000 0.187500
0 0.927500 0.928750 0.131667 0.042500
0 0.842500 0.926250 0.055000 0.142500
0 0.404167 0.898750 0.178333 0.117500
0 0.117500 0.930000 0.118333 0.100000
0 0.116667 0.713750 0.080000 0.247500
0 0.037500 0.622500 0.065000 0.215000
0 0.115833 0.143750 0.078333 0.142500
1 0.093333 0.155000 0.046667 0.070000
1 0.529167 0.425000 0.051667 0.065000
0 0.040000 0.288750 0.073333 0.167500