0 0.037500 0.382500 0.071667 0.200000
0 0.123333 0.510000 0.156667 0.220000
0 0.286667 0.440000 0.160000 0.110000
0 0.222500 0.402500 0.171667 0.090000
0 0.256667 0.262500 0.100000 0.210000
0 0.378333 0.303750 0.116667 0.122500
0 0.428333 0.210000 0.140000 0.095000
0 0.558333 0.082500 0.050000 0.155000
0 0.635000 0.165000 0.130000 0.110000
0 0.752500 0.198750 0.201667 0.052500
0 0.840000 0.120000 0.146667 0.190000
0 0.875000 0.070000 0.136667 0.140000
0 0.830833 0.247500 0.195000 0.105000
1 0.322500 0.228750 0.065000 0.087500
0 0.584167 0.435000 0.088333 0.295000
0 0.575833 0.380000 0.155000 0.255000
0 0.695000 0.446250 0.066667 0.227500
0 0.708333 0.528750 0.106667 0.222500
0 0.861667 0.501250 0.206667 0.102500
0 0.925000 0.442500 0.103333 0.265000
0 0.931667 0.370000 0.130000 0.080000
0 0.905833 0.410000 0.091667 0.190000
0 0.950000 0.720000 0.060000 0.240000
0 0.919167 0.653750 0.098333 0.182500
0 0.965833 0.880000 0.031667 0.180000
0 0.775833 0.967500 0.075000 0.060000
0 0.647500 0.865000 0.231667 0.105000
0 0.565833 0.827500 0.131667 0.120000
0 0.564167 0.943750 0.061667 0.107500
0 0.563333 0.902500 0.123333 0.135000
0 0.510000 0.850000 0.113333 0.215000
0 0.466667 0.891250 0.066667 0.192500
0 0.386667 0.841250 0.110000 0.122500
0 0.379167 0.913750 0.148333 0.092500
0 0.436667 0.705000 0.193333 0.110000
0 0.357500 0.595000 0.181667 0.110000
0 0.320833 0.657500 0.068333 0.205000
0 0.178333 0.861250 0.176667 0.162500
0 0.175000 0.853750 0.093333 0.252500
0 0.103333 0.895000 0.126667 0.110000