0 0.320833 0.261250 0.081667 0.217500
0 0.441667 0.257500 0.120000 0.065000
0 0.604167 0.233750 0.125000 0.147500
0 0.626667 0.210000 0.126667 0.080000
0 0.853333 0.193750 0.210000 0.127500
0 0.865833 0.070000 0.085000 0.120000
0 0.179167 0.378750 0.128333 0.102500
0 0.313333 0.532500 0.093333 0.135000
0 0.646667 0.702500 0.070000 0.145000
0 0.728333 0.556250 0.106667 0.112500
0 0.986667 0.572500 0.013333 0.165000
0 0.925833 0.877500 0.125000 0.100000
0 0.755000 0.923750 0.080000 0.147500
0 0.719167 0.887500 0.078333 0.080000
0 0.612500 0.865000 0.138333 0.060000
0 0.565000 0.923750 0.060000 0.097500
0 0.341667 0.880000 0.066667 0.200000
0 0.322500 0.452500 0.081667 0.100000
1 0.849167 0.788750 0.048333 0.077500
1 0.020833 0.851250 0.038333 0.052500