0 0.833983 0.213337 0.028900 0.063675
0 0.934767 0.582550 0.117967 0.146350
0 0.135258 0.569800 0.067183 0.138550
0 0.169142 0.325400 0.060550 0.252350
0 0.077500 0.132675 0.072367 0.132550
0 0.326858 0.203988 0.135750 0.064725
0 0.805658 0.520975 0.021483 0.187250
0 0.952733 0.400400 0.082033 0.032550
0 0.524167 0.348750 0.045000 0.152500
0 0.595833 0.308750 0.105000 0.177500
0 0.492500 0.108750 0.145000 0.112500
0 0.425833 0.488750 0.055000 0.217500
0 0.489167 0.541250 0.115000 0.122500
0 0.239167 0.531250 0.105000 0.122500
0 0.056667 0.235000 0.053333 0.065000
0 0.116667 0.920000 0.090000 0.120000
0 0.470833 0.832500 0.101667 0.165000
0 0.932500 0.930000 0.085000 0.135000
0 0.678333 0.148750 0.053333 0.077500
1 0.616667 0.177500 0.046667 0.075000
1 0.752500 0.037500 0.045000 0.050000
1 0.616667 0.650000 0.076667 0.120000
1 0.193333 0.671250 0.053333 0.087500
4 0.407500 0.920000 0.101667 0.120000
0 0.675000 0.537500 0.076667 0.075000