0 0.313333 0.191250 0.100000 0.127500
0 0.294167 0.251250 0.061667 0.102500
0 0.166667 0.211250 0.150000 0.207500
0 0.113333 0.266250 0.160000 0.117500
0 0.084167 0.445000 0.165000 0.205000
0 0.300833 0.550000 0.115000 0.235000
0 0.587500 0.397500 0.165000 0.175000
0 0.715000 0.480000 0.073333 0.280000
0 0.629167 0.545000 0.078333 0.150000
0 0.155833 0.052500 0.145000 0.100000
0 0.096667 0.075000 0.173333 0.050000
0 0.928333 0.231250 0.130000 0.127500
0 0.685000 0.676250 0.150000 0.047500
0 0.776667 0.712500 0.150000 0.080000
0 0.725833 0.820000 0.125000 0.060000
0 0.710000 0.883750 0.193333 0.082500
0 0.269167 0.862500 0.175000 0.110000
1 0.064167 0.155000 0.041667 0.055000
1 0.533333 0.022500 0.046667 0.045000
1 0.265000 0.091250 0.050000 0.072500
1 0.742500 0.195000 0.068333 0.060000
1 0.355833 0.415000 0.061667 0.075000
1 0.167500 0.447500 0.045000 0.075000
1 0.875833 0.792500 0.048333 0.065000
1 0.352500 0.976250 0.055000 0.042500
4 0.441667 0.288750 0.103333 0.142500
4 0.620000 0.756250 0.060000 0.072500