0 0.087500 0.147500 0.128333 0.185000
0 0.056667 0.283750 0.066667 0.212500
0 0.206667 0.336250 0.166667 0.112500
0 0.205833 0.335000 0.075000 0.130000
0 0.270833 0.315000 0.068333 0.070000
0 0.055833 0.453750 0.108333 0.092500
0 0.226667 0.610000 0.153333 0.065000
0 0.180833 0.815000 0.085000 0.310000
0 0.314167 0.850000 0.131667 0.065000
0 0.544167 0.717500 0.051667 0.155000
0 0.596667 0.675000 0.066667 0.230000
0 0.678333 0.540000 0.076667 0.240000
0 0.662500 0.553750 0.038333 0.107500
0 0.840833 0.430000 0.115000 0.120000
0 0.718333 0.240000 0.090000 0.160000
0 0.844167 0.212500 0.145000 0.145000
0 0.582500 0.410000 0.158333 0.110000
0 0.666667 0.332500 0.136667 0.095000
0 0.916667 0.770000 0.163333 0.140000
0 0.671667 0.896250 0.086667 0.202500
0 0.073333 0.598750 0.033333 0.067500
1 0.650833 0.280000 0.065000 0.095000
1 0.499167 0.112500 0.058333 0.045000
1 0.322500 0.411250 0.075000 0.092500
1 0.205833 0.258750 0.035000 0.057500
1 0.094167 0.586250 0.045000 0.052500
1 0.022500 0.312500 0.045000 0.075000
1 0.694167 0.656250 0.055000 0.057500
1 0.581667 0.865000 0.050000 0.090000
1 0.812500 0.936250 0.045000 0.067500
1 0.393333 0.435000 0.033333 0.050000
1 0.946667 0.401250 0.046667 0.072500
1 0.318333 0.143750 0.073333 0.067500
4 0.307500 0.567500 0.081667 0.170000
0 0.764167 0.348750 0.051667 0.067500
1 0.752500 0.373750 0.045000 0.047500