0 0.065833 0.087500 0.095000 0.085000
0 0.075000 0.026250 0.063333 0.052500
0 0.223333 0.035000 0.056667 0.070000
0 0.352500 0.046250 0.105000 0.087500
0 0.238333 0.390000 0.073333 0.120000
0 0.320000 0.420000 0.153333 0.110000
0 0.043333 0.447500 0.080000 0.125000
0 0.202500 0.543750 0.111667 0.147500
0 0.350000 0.621250 0.090000 0.107500
0 0.560000 0.387500 0.126667 0.125000
0 0.578333 0.387500 0.100000 0.185000
0 0.845833 0.420000 0.138333 0.130000
0 0.867500 0.918750 0.131667 0.082500
1 0.477500 0.691250 0.041667 0.067500
1 0.411667 0.738750 0.046667 0.077500
1 0.228333 0.318750 0.053333 0.077500
1 0.415000 0.593750 0.066667 0.077500
1 0.420833 0.661250 0.068333 0.077500