0 0.240000 0.308750 0.093333 0.097500
0 0.332500 0.342500 0.078333 0.070000
0 0.356667 0.407500 0.060000 0.120000
0 0.547500 0.227500 0.078333 0.175000
0 0.419167 0.468750 0.048333 0.137500
0 0.202500 0.463750 0.098333 0.052500
0 0.159167 0.532500 0.085000 0.110000
0 0.100000 0.467500 0.076667 0.075000
0 0.081667 0.443750 0.106667 0.112500
0 0.024167 0.543750 0.048333 0.107500
0 0.381667 0.677500 0.090000 0.045000
0 0.374167 0.760000 0.051667 0.140000
0 0.559167 0.558750 0.048333 0.172500
0 0.685833 0.120000 0.118333 0.040000
0 0.612500 0.378750 0.078333 0.077500
0 0.679167 0.447500 0.055000 0.275000
0 0.810000 0.325000 0.140000 0.090000
0 0.933333 0.320000 0.106667 0.080000
0 0.861667 0.530000 0.110000 0.080000
0 0.883333 0.593750 0.120000 0.067500
0 0.576667 0.843750 0.126667 0.077500
0 0.305000 0.861250 0.116667 0.147500
0 0.227500 0.846250 0.085000 0.027500
0 0.070833 0.820000 0.098333 0.165000
0 0.141667 0.943750 0.070000 0.067500
0 0.222500 0.913750 0.085000 0.077500
0 0.360833 0.961250 0.108333 0.072500
0 0.442500 0.970000 0.061667 0.055000
0 0.955833 0.908750 0.061667 0.142500
0 0.981667 0.880000 0.030000 0.055000