0 0.150000 0.105000 0.086667 0.205000
0 0.105000 0.062500 0.126667 0.125000
0 0.042500 0.162500 0.061667 0.260000
0 0.214167 0.273750 0.061667 0.247500
0 0.288333 0.306250 0.123333 0.257500
0 0.241667 0.330000 0.146667 0.100000
0 0.329167 0.280000 0.118333 0.180000
0 0.070000 0.391250 0.126667 0.157500
0 0.100833 0.422500 0.118333 0.185000
0 0.242500 0.486250 0.121667 0.167500
0 0.329167 0.423750 0.125000 0.117500
0 0.350833 0.386250 0.118333 0.187500
0 0.446667 0.046250 0.106667 0.092500
0 0.455833 0.058750 0.081667 0.117500
0 0.500000 0.168750 0.120000 0.197500
0 0.672500 0.150000 0.178333 0.095000
0 0.760000 0.242500 0.120000 0.220000
0 0.906667 0.137500 0.183333 0.185000
0 0.831667 0.187500 0.180000 0.170000
0 0.629167 0.278750 0.168333 0.227500
0 0.573333 0.310000 0.170000 0.210000
0 0.411667 0.450000 0.196667 0.260000
0 0.695000 0.330000 0.143333 0.220000
0 0.619167 0.488750 0.131667 0.217500
0 0.692500 0.536250 0.201667 0.102500
0 0.864167 0.460000 0.125000 0.255000
0 0.908333 0.540000 0.176667 0.185000
0 0.943333 0.476250 0.110000 0.212500
0 0.353333 0.556250 0.206667 0.057500
0 0.084167 0.625000 0.165000 0.160000
0 0.085833 0.728750 0.158333 0.227500
0 0.131667 0.835000 0.163333 0.220000
0 0.034167 0.812500 0.065000 0.070000
0 0.065000 0.863750 0.126667 0.132500
0 0.093333 0.887500 0.186667 0.065000
0 0.084167 0.943750 0.098333 0.107500
0 0.253333 0.912500 0.053333 0.170000
0 0.319167 0.920000 0.068333 0.145000
0 0.281667 0.856250 0.193333 0.247500
0 0.230000 0.765000 0.140000 0.210000
0 0.201667 0.705000 0.130000 0.190000
0 0.329167 0.597500 0.171667 0.100000
0 0.493333 0.637500 0.133333 0.085000
0 0.509167 0.660000 0.101667 0.170000
0 0.498333 0.592500 0.143333 0.215000
0 0.539167 0.720000 0.095000 0.205000
0 0.625833 0.701250 0.145000 0.117500
0 0.695833 0.800000 0.191667 0.095000
0 0.696667 0.661250 0.073333 0.207500
0 0.625000 0.618750 0.113333 0.097500
0 0.748333 0.708750 0.120000 0.062500
0 0.718333 0.826250 0.063333 0.182500
0 0.749167 0.928750 0.048333 0.117500
0 0.395000 0.695000 0.076667 0.195000
0 0.420000 0.815000 0.056667 0.285000
0 0.461667 0.812500 0.086667 0.255000
0 0.551667 0.912500 0.106667 0.165000