1 0.416208 0.739325 0.035550 0.052600
1 0.471675 0.690887 0.032417 0.050525
1 0.417767 0.663275 0.056633 0.071350
1 0.410158 0.597150 0.045317 0.048450
1 0.591017 0.148800 0.042967 0.068300
1 0.339058 0.730212 0.029683 0.046875
5 0.605075 0.555212 0.035150 0.060425
1 0.762500 0.036250 0.065000 0.072500
0 0.450000 0.221250 0.183333 0.127500
0 0.788333 0.227500 0.133333 0.080000
0 0.650000 0.477500 0.116667 0.105000
0 0.805000 0.610000 0.153333 0.050000
0 0.734167 0.696250 0.145000 0.107500
0 0.911667 0.616250 0.140000 0.172500
0 0.307500 0.606250 0.065000 0.152500
0 0.360000 0.617500 0.073333 0.070000
0 0.128333 0.563750 0.110000 0.067500
0 0.112500 0.671250 0.055000 0.142500
0 0.192500 0.852500 0.095000 0.165000
1 0.018333 0.387500 0.033333 0.055000