4 0.758200 0.399475 0.183600 0.222400
0 0.631667 0.060000 0.090000 0.120000
0 0.459167 0.125000 0.125000 0.110000
0 0.668333 0.518750 0.130000 0.237500
0 0.610000 0.552500 0.093333 0.105000
0 0.132500 0.557500 0.165000 0.160000
0 0.187500 0.160000 0.135000 0.190000
0 0.334167 0.293750 0.121667 0.212500
0 0.053333 0.656250 0.103333 0.167500
0 0.040000 0.821250 0.076667 0.122500
0 0.574167 0.802500 0.148333 0.110000
0 0.857500 0.821250 0.098333 0.122500
0 0.346667 0.595000 0.096667 0.265000
1 0.195000 0.956250 0.060000 0.072500
1 0.251667 0.096250 0.040000 0.062500