5 0.429692 0.496887 0.034383 0.044275
1 0.136658 0.611212 0.032317 0.039075
0 0.053333 0.096250 0.083333 0.157500
0 0.207500 0.141250 0.091667 0.222500
0 0.032500 0.351250 0.061667 0.202500
1 0.656667 0.462500 0.053333 0.055000
5 0.396667 0.065000 0.080000 0.090000
0 0.800833 0.150000 0.098333 0.120000
0 0.704167 0.243750 0.085000 0.157500
0 0.971667 0.117500 0.053333 0.115000
0 0.868333 0.315000 0.076667 0.195000
0 0.854167 0.640000 0.121667 0.220000
0 0.708333 0.658750 0.150000 0.152500
0 0.700000 0.837500 0.136667 0.175000
0 0.501667 0.690000 0.130000 0.100000
0 0.465000 0.632500 0.070000 0.115000
0 0.507500 0.722500 0.041667 0.155000
0 0.347500 0.717500 0.095000 0.215000
0 0.250000 0.576250 0.090000 0.152500
0 0.258333 0.388750 0.100000 0.082500
0 0.352500 0.365000 0.045000 0.160000
0 0.296667 0.307500 0.093333 0.115000
0 0.211667 0.696250 0.116667 0.107500
0 0.123333 0.683750 0.060000 0.147500
0 0.183333 0.871250 0.146667 0.102500
0 0.113333 0.937500 0.086667 0.120000
1 0.379167 0.548750 0.055000 0.072500