0 0.198333 0.143750 0.090000 0.227500
0 0.266667 0.365000 0.126667 0.110000
0 0.314167 0.285000 0.121667 0.130000
0 0.375000 0.345000 0.073333 0.135000
0 0.049167 0.331250 0.095000 0.192500
0 0.190833 0.490000 0.048333 0.245000
0 0.281667 0.525000 0.083333 0.170000
0 0.354167 0.718750 0.071667 0.237500
0 0.205833 0.708750 0.108333 0.102500
0 0.502500 0.611250 0.088333 0.147500
0 0.707500 0.672500 0.158333 0.145000
0 0.785000 0.750000 0.140000 0.080000
0 0.783333 0.816250 0.106667 0.102500
0 0.940833 0.921250 0.075000 0.152500
0 0.459167 0.956250 0.168333 0.072500
0 0.652500 0.363750 0.115000 0.072500
0 0.722500 0.248750 0.055000 0.212500
0 0.670000 0.195000 0.053333 0.215000
0 0.941667 0.111250 0.070000 0.177500
1 0.388333 0.546250 0.040000 0.072500
1 0.151667 0.585000 0.043333 0.065000
5 0.430000 0.495000 0.053333 0.050000
5 0.395833 0.072500 0.101667 0.060000
1 0.670833 0.433750 0.041667 0.052500