0 0.042500 0.158750 0.028333 0.172500
0 0.083333 0.266250 0.103333 0.062500
0 0.102500 0.382500 0.091667 0.110000
0 0.156667 0.491250 0.076667 0.117500
0 0.145000 0.602500 0.063333 0.085000
0 0.260833 0.492500 0.075000 0.145000
0 0.105833 0.777500 0.091667 0.115000
0 0.056667 0.896250 0.073333 0.157500
0 0.161667 0.925000 0.060000 0.135000
0 0.246667 0.960000 0.056667 0.070000
0 0.286667 0.715000 0.100000 0.115000
0 0.368333 0.655000 0.063333 0.130000
0 0.398333 0.523750 0.086667 0.047500
0 0.440833 0.485000 0.055000 0.130000
0 0.459167 0.621250 0.071667 0.137500
0 0.565000 0.366250 0.140000 0.107500
0 0.460833 0.331250 0.115000 0.137500
0 0.405833 0.217500 0.118333 0.105000
0 0.319167 0.110000 0.068333 0.180000
0 0.535000 0.056250 0.086667 0.107500
0 0.705833 0.118750 0.108333 0.102500
0 0.803333 0.040000 0.073333 0.080000
0 0.923333 0.202500 0.063333 0.175000
0 0.766667 0.431250 0.063333 0.222500
0 0.728333 0.493750 0.066667 0.177500
0 0.715833 0.343750 0.061667 0.097500
0 0.821667 0.478750 0.033333 0.217500
0 0.760000 0.597500 0.076667 0.145000
0 0.656667 0.512500 0.016667 0.155000
0 0.616667 0.576250 0.110000 0.082500
0 0.591667 0.610000 0.080000 0.050000
0 0.662500 0.647500 0.051667 0.125000
0 0.776667 0.737500 0.063333 0.145000
0 0.903333 0.581250 0.110000 0.222500
0 0.932500 0.805000 0.078333 0.110000
0 0.858333 0.766250 0.046667 0.092500
0 0.856667 0.828750 0.070000 0.072500
0 0.829167 0.882500 0.051667 0.095000
0 0.638333 0.872500 0.106667 0.165000
0 0.575000 0.918750 0.036667 0.157500