0 0.067500 0.093750 0.125000 0.127500
0 0.193333 0.065000 0.100000 0.130000
0 0.304167 0.066250 0.098333 0.097500
0 0.396667 0.193750 0.046667 0.102500
0 0.441667 0.146250 0.033333 0.207500
0 0.440833 0.293750 0.085000 0.082500
0 0.603333 0.110000 0.073333 0.220000
0 0.540000 0.278750 0.086667 0.132500
0 0.680833 0.376250 0.058333 0.207500
0 0.738333 0.201250 0.033333 0.102500
0 0.730000 0.288750 0.030000 0.102500
0 0.882500 0.088750 0.085000 0.142500
0 0.961667 0.197500 0.066667 0.165000
0 0.935833 0.380000 0.095000 0.140000
0 0.594167 0.471250 0.048333 0.157500
0 0.645833 0.488750 0.051667 0.182500
0 0.739167 0.638750 0.121667 0.112500
0 0.835000 0.717500 0.146667 0.045000
0 0.565000 0.625000 0.040000 0.150000
0 0.506667 0.657500 0.083333 0.075000
0 0.453333 0.447500 0.140000 0.155000
0 0.372500 0.485000 0.061667 0.055000
0 0.219167 0.432500 0.161667 0.105000
0 0.046667 0.357500 0.093333 0.095000
0 0.037500 0.778750 0.065000 0.142500
0 0.076667 0.636250 0.076667 0.127500
0 0.210000 0.741250 0.056667 0.162500
0 0.337500 0.627500 0.101667 0.190000
0 0.342500 0.730000 0.045000 0.095000
0 0.420000 0.936250 0.070000 0.112500
0 0.363333 0.943750 0.056667 0.107500
0 0.367500 0.861250 0.078333 0.087500
0 0.534167 0.765000 0.098333 0.070000
0 0.580833 0.801250 0.131667 0.102500
0 0.684167 0.855000 0.108333 0.085000
0 0.689167 0.782500 0.061667 0.125000
0 0.825000 0.851250 0.103333 0.147500
0 0.955000 0.936250 0.073333 0.072500
0 0.639167 0.927500 0.051667 0.115000