0 0.249167 0.081250 0.088333 0.157500
0 0.389167 0.038750 0.088333 0.067500
0 0.692500 0.105000 0.128333 0.050000
0 0.750833 0.336250 0.098333 0.147500
0 0.679167 0.428750 0.055000 0.262500
0 0.615000 0.375000 0.096667 0.090000
0 0.809167 0.506250 0.091667 0.092500
0 0.792500 0.596250 0.135000 0.067500
0 0.569167 0.527500 0.045000 0.125000
0 0.530833 0.625000 0.045000 0.125000
0 0.455000 0.613750 0.050000 0.092500
0 0.416667 0.681250 0.033333 0.097500
0 0.435000 0.388750 0.103333 0.102500
0 0.527500 0.357500 0.111667 0.165000
0 0.351667 0.450000 0.036667 0.130000
0 0.314167 0.333750 0.108333 0.097500
0 0.280000 0.406250 0.096667 0.087500
0 0.233333 0.550000 0.130000 0.060000
0 0.500833 0.563750 0.061667 0.067500
0 0.100000 0.461250 0.136667 0.117500
0 0.040000 0.748750 0.080000 0.112500
0 0.081667 0.856250 0.056667 0.202500
0 0.170000 0.921250 0.050000 0.062500
0 0.250000 0.921250 0.140000 0.072500
0 0.312500 0.876250 0.118333 0.107500
0 0.294167 0.967500 0.115000 0.050000
0 0.440000 0.943750 0.070000 0.102500
0 0.520833 0.938750 0.041667 0.107500
0 0.520000 0.836250 0.136667 0.092500
0 0.927500 0.966250 0.055000 0.057500
0 0.979167 0.880000 0.038333 0.060000
0 0.963333 0.895000 0.050000 0.125000