1 0.530658 0.397138 0.033983 0.055725
0 0.620833 0.062500 0.151667 0.070000
0 0.959167 0.036250 0.078333 0.052500
0 0.949167 0.126250 0.088333 0.032500
0 0.821667 0.112500 0.060000 0.175000
0 0.763333 0.242500 0.050000 0.085000
0 0.898333 0.601250 0.133333 0.197500
0 0.899167 0.558750 0.055000 0.137500
0 0.935833 0.843750 0.118333 0.142500
0 0.941667 0.887500 0.060000 0.070000
0 0.874167 0.770000 0.168333 0.160000
0 0.753333 0.935000 0.156667 0.125000
0 0.572500 0.957500 0.035000 0.075000
0 0.556667 0.930000 0.066667 0.100000
0 0.677500 0.567500 0.051667 0.175000
0 0.639167 0.533750 0.075000 0.092500
0 0.620000 0.442500 0.076667 0.110000
0 0.541667 0.502500 0.116667 0.085000
0 0.445833 0.807500 0.071667 0.130000
0 0.320833 0.868750 0.061667 0.177500
0 0.271667 0.617500 0.156667 0.095000
0 0.124167 0.410000 0.198333 0.130000
0 0.161667 0.395000 0.113333 0.090000
0 0.085000 0.421250 0.113333 0.107500
0 0.194167 0.217500 0.085000 0.140000
0 0.455000 0.046250 0.106667 0.092500
0 0.112500 0.146250 0.038333 0.062500
4 0.105000 0.760000 0.106667 0.140000
0 0.190000 0.817500 0.093333 0.105000
1 0.765833 0.955000 0.035000 0.055000
1 0.619167 0.743750 0.041667 0.052500
1 0.515833 0.216250 0.048333 0.067500
1 0.488333 0.168750 0.060000 0.072500
1 0.460000 0.126250 0.036667 0.052500
1 0.316667 0.401250 0.053333 0.092500
4 0.210833 0.793750 0.055000 0.047500
4 0.184167 0.283750 0.031667 0.052500
4 0.063333 0.450000 0.043333 0.060000
1 0.833333 0.503750 0.040000 0.067500