0 0.201667 0.128750 0.076667 0.222500
0 0.080833 0.171250 0.111667 0.142500
0 0.030000 0.355000 0.053333 0.190000
0 0.298333 0.311250 0.110000 0.122500
0 0.363333 0.357500 0.066667 0.145000
0 0.312500 0.422500 0.095000 0.055000
0 0.205000 0.701250 0.133333 0.087500
0 0.318333 0.825000 0.116667 0.090000
0 0.356667 0.712500 0.080000 0.215000
0 0.481667 0.640000 0.076667 0.160000
0 0.634167 0.646250 0.161667 0.102500
0 0.700833 0.686250 0.135000 0.092500
0 0.769167 0.821250 0.131667 0.097500
0 0.882500 0.707500 0.091667 0.195000
0 0.865833 0.271250 0.115000 0.162500
0 0.709167 0.272500 0.071667 0.235000
0 0.643333 0.107500 0.003333 0.005000
0 0.665833 0.153750 0.048333 0.097500
0 0.472500 0.852500 0.085000 0.190000
0 0.233333 0.897500 0.113333 0.070000
0 0.144167 0.937500 0.095000 0.105000
0 0.946667 0.370000 0.060000 0.095000
5 0.427500 0.502500 0.055000 0.085000
5 0.391667 0.070000 0.086667 0.100000
0 0.264167 0.551250 0.108333 0.142500
1 0.380833 0.548750 0.058333 0.082500