0 0.267500 0.166250 0.058333 0.192500
0 0.412500 0.078750 0.175000 0.112500
0 0.615833 0.372500 0.161667 0.110000
0 0.755833 0.351250 0.108333 0.167500
0 0.818333 0.306250 0.073333 0.197500
0 0.923333 0.150000 0.126667 0.120000
0 0.940000 0.052500 0.116667 0.055000
0 0.983333 0.351250 0.030000 0.117500
0 0.978333 0.647500 0.036667 0.155000
0 0.806667 0.806250 0.103333 0.172500
0 0.530833 0.598750 0.071667 0.212500
0 0.497500 0.518750 0.111667 0.122500
0 0.586667 0.880000 0.050000 0.220000
0 0.738333 0.927500 0.046667 0.135000
0 0.445000 0.908750 0.126667 0.132500
0 0.116667 0.846250 0.110000 0.192500
0 0.036667 0.702500 0.070000 0.100000
5 0.842500 0.038750 0.088333 0.077500
5 0.894167 0.463750 0.051667 0.067500
1 0.847500 0.512500 0.051667 0.070000
1 0.357500 0.361250 0.058333 0.077500
0 0.247500 0.285000 0.151667 0.070000
1 0.930000 0.760000 0.046667 0.060000