1 0.293333 0.121250 0.066667 0.087500
1 0.228333 0.113750 0.060000 0.102500
0 0.277500 0.036250 0.175000 0.067500
0 0.116667 0.113750 0.126667 0.052500
0 0.139167 0.185000 0.081667 0.060000
0 0.146667 0.241250 0.183333 0.062500
0 0.175000 0.278750 0.113333 0.117500
0 0.435833 0.240000 0.098333 0.140000
0 0.923333 0.042500 0.150000 0.065000
0 0.770833 0.096250 0.208333 0.062500
0 0.760000 0.051250 0.143333 0.077500
0 0.720000 0.121250 0.053333 0.137500
0 0.710833 0.358750 0.138333 0.137500
0 0.896667 0.402500 0.186667 0.065000
0 0.941667 0.190000 0.113333 0.040000
0 0.392500 0.462500 0.148333 0.135000
0 0.248333 0.451250 0.156667 0.172500
0 0.170000 0.483750 0.046667 0.067500
0 0.060000 0.430000 0.120000 0.080000
0 0.090833 0.600000 0.088333 0.095000
0 0.156667 0.716250 0.146667 0.102500
0 0.096667 0.727500 0.146667 0.120000
0 0.283333 0.663750 0.096667 0.092500
0 0.359167 0.658750 0.105000 0.082500
0 0.282500 0.816250 0.088333 0.197500
0 0.314167 0.952500 0.198333 0.085000
0 0.462500 0.900000 0.101667 0.080000
0 0.558333 0.460000 0.116667 0.180000
0 0.702500 0.540000 0.098333 0.195000
0 0.810833 0.503750 0.138333 0.162500
0 0.749167 0.692500 0.115000 0.135000
0 0.859167 0.685000 0.158333 0.135000
0 0.725833 0.723750 0.105000 0.102500
0 0.619167 0.690000 0.135000 0.110000
0 0.703333 0.847500 0.126667 0.035000
0 0.833333 0.791250 0.080000 0.112500
0 0.898333 0.883750 0.126667 0.062500
0 0.942500 0.918750 0.081667 0.142500