0 0.089167 0.158750 0.121667 0.182500
0 0.052500 0.286250 0.048333 0.212500
0 0.026667 0.255000 0.036667 0.065000
0 0.055000 0.483750 0.106667 0.187500
0 0.219167 0.350000 0.181667 0.120000
0 0.232500 0.331250 0.111667 0.047500
0 0.201667 0.348750 0.076667 0.122500
0 0.201667 0.166250 0.063333 0.107500
0 0.233333 0.046250 0.033333 0.067500
0 0.225000 0.615000 0.123333 0.065000
0 0.077500 0.606250 0.025000 0.047500
0 0.185000 0.810000 0.070000 0.285000
0 0.323333 0.857500 0.163333 0.125000
0 0.248333 0.948750 0.110000 0.097500
0 0.676667 0.890000 0.063333 0.180000
0 0.925000 0.756250 0.146667 0.177500
0 0.541667 0.732500 0.060000 0.135000
0 0.597500 0.683750 0.055000 0.217500
0 0.565833 0.457500 0.165000 0.180000
0 0.670000 0.335000 0.143333 0.070000
0 0.838333 0.438750 0.116667 0.107500
0 0.770000 0.370000 0.066667 0.075000
0 0.721667 0.251250 0.090000 0.162500
0 0.847500 0.221250 0.155000 0.157500
0 0.632500 0.708750 0.055000 0.127500
1 0.316667 0.410000 0.040000 0.075000
1 0.021667 0.327500 0.043333 0.055000
1 0.497500 0.120000 0.055000 0.065000
1 0.945000 0.408750 0.043333 0.077500
1 0.815833 0.930000 0.035000 0.060000
1 0.580000 0.871250 0.046667 0.062500
4 0.300833 0.567500 0.095000 0.155000
1 0.655000 0.290000 0.056667 0.065000
1 0.658333 0.030000 0.046667 0.060000