5 0.737692 0.626038 0.033983 0.041675
0 0.330833 0.056250 0.095000 0.112500
0 0.157500 0.120000 0.101667 0.240000
0 0.065833 0.076250 0.118333 0.147500
0 0.036667 0.232500 0.070000 0.065000
0 0.325000 0.607500 0.086667 0.215000
0 0.388333 0.536250 0.160000 0.112500
0 0.050000 0.732500 0.096667 0.235000
0 0.673333 0.437500 0.086667 0.165000
0 0.811667 0.272500 0.046667 0.175000
0 0.890000 0.488750 0.076667 0.117500
0 0.962500 0.520000 0.065000 0.115000
0 0.880000 0.577500 0.110000 0.065000
0 0.897500 0.880000 0.051667 0.200000
0 0.964167 0.920000 0.068333 0.130000
0 0.789167 0.892500 0.145000 0.045000
0 0.581667 0.131250 0.103333 0.057500