0 0.150833 0.095000 0.041667 0.070000
0 0.195000 0.353750 0.066667 0.227500
0 0.351667 0.347500 0.103333 0.125000
0 0.540833 0.115000 0.041667 0.140000
0 0.675833 0.076250 0.161667 0.142500
0 0.644167 0.348750 0.061667 0.147500
0 0.755833 0.485000 0.175000 0.135000
0 0.967500 0.512500 0.055000 0.230000
0 0.915833 0.295000 0.068333 0.100000
3 0.820833 0.410000 0.035000 0.055000
3 0.730000 0.292500 0.033333 0.045000
0 0.860000 0.656250 0.070000 0.127500
0 0.666667 0.850000 0.090000 0.100000
0 0.548333 0.883750 0.086667 0.167500
0 0.328333 0.611250 0.160000 0.182500
0 0.119167 0.677500 0.045000 0.065000
0 0.157500 0.811250 0.071667 0.197500