0 0.126667 0.071250 0.023333 0.137500
0 0.160833 0.042500 0.095000 0.065000
0 0.255000 0.048750 0.076667 0.067500
0 0.385833 0.028750 0.118333 0.037500
0 0.485000 0.076250 0.156667 0.057500
0 0.520000 0.031250 0.076667 0.062500
0 0.702500 0.137500 0.088333 0.110000
0 0.553333 0.212500 0.123333 0.125000
0 0.571667 0.270000 0.070000 0.160000
0 0.621667 0.208750 0.073333 0.092500
0 0.468333 0.226250 0.086667 0.122500
0 0.338333 0.195000 0.060000 0.135000
0 0.432500 0.322500 0.131667 0.145000
0 0.061667 0.190000 0.113333 0.105000
0 0.090000 0.278750 0.086667 0.082500
0 0.129167 0.340000 0.118333 0.125000
0 0.104167 0.345000 0.055000 0.085000
0 0.031667 0.348750 0.063333 0.097500
0 0.229167 0.383750 0.098333 0.202500
0 0.286667 0.360000 0.093333 0.135000
0 0.234167 0.447500 0.091667 0.170000
0 0.327500 0.385000 0.078333 0.060000
0 0.615000 0.377500 0.100000 0.170000
0 0.452500 0.458750 0.115000 0.082500
0 0.921667 0.292500 0.113333 0.145000
0 0.810833 0.247500 0.088333 0.140000
0 0.835000 0.496250 0.140000 0.112500
0 0.735000 0.507500 0.106667 0.115000
0 0.664167 0.466250 0.065000 0.142500
0 0.664167 0.551250 0.148333 0.182500
0 0.645833 0.568750 0.065000 0.082500
0 0.468333 0.540000 0.060000 0.140000
0 0.473333 0.505000 0.180000 0.070000
0 0.337500 0.505000 0.055000 0.140000
0 0.030833 0.492500 0.058333 0.140000
0 0.227500 0.571250 0.101667 0.097500
0 0.326667 0.637500 0.110000 0.105000
0 0.261667 0.737500 0.116667 0.165000
0 0.168333 0.641250 0.073333 0.142500
0 0.175833 0.778750 0.098333 0.182500
0 0.470833 0.716250 0.115000 0.092500
0 0.536667 0.770000 0.073333 0.160000
0 0.521667 0.816250 0.060000 0.132500
0 0.576667 0.861250 0.066667 0.157500
0 0.528333 0.593750 0.066667 0.117500
0 0.580833 0.613750 0.068333 0.112500
0 0.720833 0.645000 0.141667 0.110000
0 0.763333 0.657500 0.050000 0.170000
0 0.818333 0.740000 0.103333 0.120000
0 0.935833 0.832500 0.125000 0.125000
0 0.828333 0.842500 0.100000 0.135000
0 0.784167 0.951250 0.061667 0.087500
0 0.626667 0.935000 0.093333 0.090000
0 0.476667 0.938750 0.083333 0.097500
0 0.225833 0.848750 0.098333 0.122500
0 0.054167 0.887500 0.105000 0.150000
0 0.112500 0.966250 0.081667 0.057500
0 0.368333 0.826250 0.063333 0.122500