0 0.379167 0.032500 0.038333 0.065000
0 0.046667 0.248750 0.070000 0.112500
0 0.218333 0.405000 0.083333 0.090000
0 0.113333 0.490000 0.040000 0.135000
0 0.098333 0.452500 0.090000 0.160000
0 0.043333 0.472500 0.060000 0.185000
0 0.293333 0.395000 0.063333 0.070000
0 0.354167 0.451250 0.081667 0.092500
0 0.371667 0.416250 0.110000 0.092500
0 0.518333 0.481250 0.070000 0.162500
0 0.592500 0.565000 0.048333 0.150000
0 0.623333 0.331250 0.086667 0.162500
0 0.686667 0.433750 0.080000 0.227500
0 0.633333 0.095000 0.173333 0.070000
0 0.873333 0.151250 0.053333 0.067500
0 0.947500 0.160000 0.095000 0.055000
0 0.979167 0.327500 0.038333 0.035000
0 0.754167 0.536250 0.051667 0.157500
0 0.825000 0.595000 0.136667 0.050000
0 0.840833 0.940000 0.128333 0.105000
0 0.970000 0.895000 0.056667 0.130000
0 0.654167 0.808750 0.121667 0.117500
0 0.642500 0.697500 0.141667 0.055000
0 0.553333 0.915000 0.066667 0.095000
0 0.434167 0.936250 0.061667 0.107500
0 0.310000 0.680000 0.113333 0.060000
0 0.361667 0.613750 0.120000 0.112500
0 0.226667 0.618750 0.120000 0.142500
0 0.135833 0.748750 0.058333 0.037500
0 0.132500 0.792500 0.118333 0.040000
0 0.114167 0.840000 0.105000 0.095000
0 0.023333 0.845000 0.046667 0.085000
0 0.105833 0.920000 0.128333 0.120000
0 0.255000 0.908750 0.116667 0.062500
0 0.228333 0.882500 0.013333 0.165000
0 0.322500 0.792500 0.118333 0.070000