0 0.551667 0.330000 0.166667 0.170000
0 0.093333 0.323750 0.076667 0.227500
0 0.089167 0.205000 0.031667 0.065000
0 0.115000 0.125000 0.066667 0.105000
3 0.142500 0.065000 0.028333 0.050000
1 0.037500 0.461250 0.055000 0.062500
0 0.255000 0.683750 0.096667 0.152500
0 0.330833 0.623750 0.071667 0.107500
0 0.070000 0.815000 0.096667 0.195000
0 0.052500 0.941250 0.101667 0.112500
0 0.641667 0.851250 0.160000 0.142500
0 0.827500 0.922500 0.075000 0.140000
0 0.958333 0.033750 0.063333 0.067500
0 0.465833 0.100000 0.155000 0.200000
1 0.086667 0.352500 0.043333 0.065000
1 0.698333 0.231250 0.040000 0.077500
0 0.662500 0.062500 0.098333 0.125000