0 0.198333 0.053750 0.120000 0.072500
0 0.074167 0.053750 0.105000 0.072500
0 0.072500 0.175000 0.071667 0.190000
0 0.306667 0.218750 0.116667 0.102500
0 0.305000 0.066250 0.120000 0.122500
0 0.407500 0.158750 0.071667 0.062500
0 0.457500 0.236250 0.105000 0.067500
0 0.516667 0.093750 0.050000 0.127500
0 0.587500 0.113750 0.061667 0.207500
0 0.730833 0.143750 0.151667 0.072500
0 0.865000 0.107500 0.060000 0.125000
0 0.738333 0.277500 0.020000 0.155000
0 0.765000 0.271250 0.143333 0.072500
0 0.667500 0.245000 0.045000 0.140000
0 0.621667 0.325000 0.016667 0.210000
0 0.452500 0.380000 0.041667 0.205000
0 0.298333 0.435000 0.090000 0.170000
0 0.329167 0.310000 0.105000 0.100000
0 0.102500 0.468750 0.125000 0.057500
0 0.116667 0.520000 0.140000 0.065000
0 0.285833 0.556250 0.075000 0.097500
0 0.143333 0.652500 0.120000 0.055000
0 0.115000 0.720000 0.066667 0.125000
0 0.064167 0.875000 0.071667 0.180000
0 0.293333 0.751250 0.050000 0.167500
0 0.375000 0.877500 0.096667 0.070000
0 0.473333 0.790000 0.060000 0.185000
0 0.439167 0.572500 0.111667 0.195000
0 0.488333 0.610000 0.076667 0.130000
0 0.628333 0.518750 0.070000 0.177500
0 0.810000 0.463750 0.066667 0.192500
0 0.912500 0.438750 0.108333 0.137500
0 0.924167 0.645000 0.075000 0.090000
0 0.836667 0.645000 0.080000 0.090000
0 0.761667 0.706250 0.040000 0.077500
0 0.761667 0.796250 0.056667 0.092500
0 0.696667 0.808750 0.050000 0.142500
0 0.608333 0.712500 0.100000 0.035000
0 0.530000 0.770000 0.070000 0.080000
0 0.775833 0.863750 0.055000 0.127500
0 0.785000 0.955000 0.076667 0.070000
0 0.898333 0.875000 0.106667 0.065000
0 0.860000 0.785000 0.083333 0.165000
0 0.939167 0.962500 0.088333 0.070000
0 0.468333 0.943750 0.050000 0.102500