0 0.310833 0.036250 0.055000 0.072500
0 0.157500 0.055000 0.085000 0.085000
0 0.210000 0.158750 0.116667 0.092500
0 0.256667 0.280000 0.070000 0.150000
1 0.176667 0.665000 0.060000 0.090000
0 0.113333 0.620000 0.053333 0.075000
0 0.062500 0.600000 0.075000 0.060000
0 0.023333 0.656250 0.046667 0.067500
0 0.257500 0.601250 0.045000 0.132500
0 0.268333 0.708750 0.096667 0.077500
0 0.343333 0.578750 0.073333 0.057500
0 0.358333 0.373750 0.106667 0.152500
0 0.440833 0.325000 0.055000 0.090000
0 0.488333 0.316250 0.040000 0.112500
0 0.434167 0.506250 0.148333 0.042500
0 0.433333 0.618750 0.093333 0.107500
0 0.531667 0.763750 0.043333 0.177500
0 0.442500 0.803750 0.085000 0.187500
0 0.363333 0.940000 0.080000 0.100000
0 0.563333 0.915000 0.056667 0.110000
0 0.645000 0.968750 0.126667 0.057500
0 0.851667 0.807500 0.083333 0.165000
0 0.754167 0.853750 0.088333 0.087500
0 0.705000 0.802500 0.130000 0.055000
0 0.761667 0.705000 0.086667 0.070000
0 0.719167 0.651250 0.078333 0.112500
0 0.724167 0.540000 0.078333 0.120000
0 0.645833 0.602500 0.081667 0.080000
0 0.624167 0.680000 0.075000 0.100000
0 0.915833 0.373750 0.105000 0.132500
0 0.776667 0.368750 0.140000 0.087500
0 0.769167 0.241250 0.135000 0.077500
0 0.812500 0.161250 0.041667 0.087500
0 0.605000 0.430000 0.123333 0.120000
0 0.972500 0.711250 0.051667 0.082500
0 0.564167 0.057500 0.131667 0.035000
0 0.630833 0.196250 0.128333 0.087500
0 0.916667 0.067500 0.080000 0.090000
0 0.815000 0.065000 0.036667 0.110000
0 0.780000 0.063750 0.060000 0.062500
0 0.712500 0.053750 0.078333 0.072500