0 0.115000 0.070000 0.146667 0.100000
0 0.275833 0.023750 0.071667 0.047500
0 0.459167 0.308750 0.198333 0.082500
0 0.797500 0.386250 0.071667 0.232500
0 0.705000 0.111250 0.100000 0.137500
0 0.494167 0.395000 0.145000 0.090000
0 0.507500 0.427500 0.078333 0.105000
0 0.418333 0.638750 0.060000 0.062500
0 0.445000 0.561250 0.063333 0.077500
0 0.498333 0.737500 0.106667 0.115000
0 0.597500 0.861250 0.141667 0.072500
0 0.394167 0.932500 0.158333 0.065000
0 0.216667 0.460000 0.126667 0.095000
0 0.136667 0.342500 0.136667 0.060000
0 0.081667 0.360000 0.026667 0.060000
0 0.069167 0.367500 0.115000 0.070000
0 0.047500 0.275000 0.091667 0.085000
0 0.860000 0.898750 0.096667 0.162500
1 0.512500 0.957500 0.038333 0.065000
1 0.164167 0.942500 0.055000 0.085000
1 0.510000 0.641250 0.096667 0.097500
4 0.330000 0.565000 0.096667 0.110000
1 0.228333 0.110000 0.060000 0.080000