0 0.332500 0.215000 0.128333 0.110000
0 0.245000 0.232500 0.056667 0.115000
0 0.185833 0.328750 0.088333 0.137500
0 0.373333 0.115000 0.070000 0.130000
0 0.341667 0.078750 0.060000 0.067500
0 0.362500 0.030000 0.031667 0.060000
0 0.554167 0.096250 0.155000 0.187500
0 0.858333 0.263750 0.076667 0.112500
0 0.868333 0.255000 0.120000 0.090000
0 0.880000 0.457500 0.033333 0.175000
0 0.964167 0.548750 0.061667 0.122500
0 0.920833 0.671250 0.155000 0.062500
0 0.384167 0.508750 0.108333 0.257500
0 0.258333 0.553750 0.070000 0.192500
0 0.047500 0.628750 0.095000 0.107500
0 0.165000 0.665000 0.080000 0.190000
0 0.033333 0.758750 0.063333 0.132500
0 0.032500 0.915000 0.061667 0.070000
0 0.655833 0.865000 0.088333 0.110000
0 0.637500 0.878750 0.161667 0.067500
0 0.487500 0.926250 0.098333 0.127500
0 0.395000 0.812500 0.126667 0.065000
0 0.540000 0.413750 0.126667 0.082500
1 0.197500 0.055000 0.068333 0.085000
1 0.140833 0.161250 0.081667 0.082500
1 0.395833 0.683750 0.061667 0.092500
1 0.451667 0.696250 0.056667 0.072500
1 0.679167 0.407500 0.061667 0.075000
1 0.824167 0.607500 0.051667 0.085000
0 0.685833 0.686250 0.201667 0.107500
3 0.449167 0.208750 0.045000 0.067500
1 0.465833 0.020000 0.031667 0.040000
1 0.235000 0.701250 0.043333 0.092500
1 0.126667 0.843750 0.050000 0.077500