0 0.099167 0.145000 0.108333 0.090000
0 0.058333 0.041250 0.113333 0.062500
0 0.190833 0.096250 0.071667 0.162500
0 0.282500 0.043750 0.068333 0.062500
0 0.326667 0.043750 0.103333 0.047500
0 0.547500 0.037500 0.038333 0.075000
0 0.469167 0.111250 0.125000 0.057500
0 0.539167 0.180000 0.105000 0.095000
0 0.503333 0.221250 0.053333 0.117500
0 0.627500 0.113750 0.121667 0.117500
0 0.795833 0.082500 0.041667 0.085000
0 0.881667 0.088750 0.113333 0.132500
0 0.824167 0.206250 0.161667 0.092500
0 0.929167 0.267500 0.095000 0.105000
0 0.677500 0.517500 0.158333 0.200000
0 0.808333 0.437500 0.136667 0.065000
0 0.435833 0.385000 0.051667 0.185000
0 0.418333 0.365000 0.030000 0.130000
0 0.170000 0.206250 0.080000 0.122500
0 0.168333 0.330000 0.090000 0.095000
0 0.031667 0.396250 0.046667 0.172500
0 0.055000 0.555000 0.110000 0.075000
0 0.169167 0.558750 0.121667 0.087500
0 0.347500 0.652500 0.121667 0.125000
0 0.323333 0.587500 0.106667 0.045000
0 0.449167 0.542500 0.145000 0.105000
0 0.558333 0.593750 0.060000 0.072500
0 0.625000 0.572500 0.076667 0.100000
0 0.633333 0.687500 0.140000 0.065000
0 0.775000 0.755000 0.090000 0.100000
0 0.864167 0.563750 0.158333 0.122500
0 0.890833 0.883750 0.065000 0.147500
0 0.869167 0.925000 0.048333 0.075000
0 0.815000 0.928750 0.060000 0.137500
0 0.689167 0.906250 0.111667 0.107500
0 0.638333 0.947500 0.006667 0.010000
0 0.694167 0.800000 0.095000 0.080000
0 0.677500 0.965000 0.128333 0.065000
0 0.551667 0.957500 0.056667 0.075000
0 0.459167 0.927500 0.068333 0.135000
0 0.439167 0.723750 0.068333 0.167500
0 0.431667 0.768750 0.083333 0.032500
0 0.540833 0.781250 0.088333 0.082500
0 0.536667 0.710000 0.093333 0.120000
0 0.375000 0.900000 0.083333 0.140000
0 0.236667 0.857500 0.090000 0.185000
0 0.270833 0.948750 0.075000 0.092500
0 0.115833 0.720000 0.141667 0.060000
0 0.147500 0.885000 0.101667 0.160000
0 0.055000 0.801250 0.050000 0.097500
0 0.085833 0.868750 0.041667 0.097500
0 0.026667 0.916250 0.053333 0.087500