0 0.045833 0.085000 0.061667 0.135000
0 0.050000 0.180000 0.096667 0.115000
0 0.230833 0.092500 0.045000 0.185000
0 0.125833 0.263750 0.118333 0.112500
0 0.114167 0.426250 0.165000 0.087500
0 0.025000 0.483750 0.046667 0.152500
0 0.303333 0.412500 0.056667 0.195000
0 0.446667 0.338750 0.066667 0.242500
0 0.455000 0.193750 0.033333 0.172500
0 0.504167 0.200000 0.071667 0.160000
0 0.415833 0.158750 0.055000 0.222500
0 0.390833 0.032500 0.178333 0.065000
0 0.779167 0.146250 0.148333 0.102500
0 0.955000 0.272500 0.086667 0.085000
0 0.962500 0.150000 0.065000 0.080000
0 0.912500 0.426250 0.051667 0.232500
0 0.947500 0.578750 0.101667 0.077500
0 0.712500 0.617500 0.211667 0.085000
0 0.502500 0.535000 0.125000 0.105000
0 0.571667 0.690000 0.100000 0.135000
0 0.701667 0.772500 0.140000 0.215000
0 0.461667 0.892500 0.100000 0.170000
1 0.485833 0.598750 0.055000 0.057500
1 0.437500 0.580000 0.058333 0.070000
1 0.613333 0.406250 0.046667 0.072500
1 0.860000 0.536250 0.046667 0.067500
1 0.546667 0.203750 0.046667 0.057500
1 0.344167 0.741250 0.061667 0.082500
1 0.180000 0.067500 0.056667 0.075000
1 0.721667 0.300000 0.060000 0.060000