0 0.390000 0.282500 0.143333 0.075000
0 0.256667 0.253750 0.143333 0.107500
0 0.089167 0.345000 0.138333 0.095000
0 0.588333 0.153750 0.073333 0.247500
0 0.465000 0.186250 0.066667 0.147500
0 0.786667 0.500000 0.163333 0.105000
0 0.817500 0.451250 0.041667 0.192500
0 0.968333 0.406250 0.046667 0.272500
0 0.983333 0.205000 0.026667 0.125000
0 0.933333 0.715000 0.130000 0.050000
0 0.765833 0.698750 0.038333 0.177500
0 0.763333 0.826250 0.140000 0.132500
0 0.519167 0.835000 0.145000 0.165000
0 0.590000 0.688750 0.056667 0.082500
0 0.427500 0.563750 0.095000 0.147500
0 0.033333 0.743750 0.063333 0.112500
0 0.048333 0.793750 0.073333 0.092500
1 0.262500 0.630000 0.045000 0.060000
1 0.508333 0.462500 0.046667 0.065000
1 0.528333 0.513750 0.060000 0.062500
1 0.091667 0.551250 0.053333 0.077500
1 0.668333 0.336250 0.046667 0.072500
1 0.936667 0.442500 0.043333 0.080000
1 0.034167 0.191250 0.068333 0.082500
1 0.400833 0.673750 0.055000 0.067500
4 0.649167 0.628750 0.078333 0.067500