0 0.078333 0.237500 0.140000 0.145000
0 0.556667 0.281250 0.160000 0.122500
0 0.190833 0.051250 0.111667 0.097500
0 0.815000 0.345000 0.080000 0.110000
0 0.715000 0.557500 0.120000 0.055000
0 0.862500 0.663750 0.195000 0.052500
0 0.959167 0.625000 0.078333 0.085000
0 0.962500 0.278750 0.065000 0.027500
0 0.838333 0.760000 0.153333 0.110000
0 0.291667 0.925000 0.080000 0.095000
0 0.342500 0.640000 0.081667 0.155000
0 0.361667 0.625000 0.066667 0.075000
0 0.205833 0.620000 0.111667 0.070000
0 0.177500 0.731250 0.048333 0.142500
0 0.050833 0.648750 0.091667 0.102500
0 0.168333 0.471250 0.110000 0.072500
0 0.235833 0.562500 0.051667 0.140000
1 0.685833 0.623750 0.045000 0.082500
1 0.689167 0.213750 0.071667 0.072500
1 0.476667 0.686250 0.050000 0.072500
1 0.419167 0.733750 0.045000 0.072500
1 0.406667 0.592500 0.070000 0.070000
1 0.418333 0.665000 0.060000 0.070000
3 0.047500 0.403750 0.038333 0.052500
3 0.632500 0.513750 0.035000 0.067500
3 0.803333 0.507500 0.043333 0.065000