0 0.209167 0.080000 0.081667 0.155000
0 0.287500 0.071250 0.078333 0.137500
0 0.348333 0.115000 0.056667 0.170000
0 0.364167 0.236250 0.091667 0.067500
0 0.453333 0.246250 0.096667 0.142500
0 0.470000 0.261250 0.070000 0.082500
0 0.544167 0.292500 0.118333 0.150000
0 0.627500 0.485000 0.081667 0.190000
0 0.658333 0.407500 0.070000 0.085000
0 0.664167 0.298750 0.115000 0.202500
0 0.739167 0.210000 0.091667 0.145000
0 0.896667 0.276250 0.106667 0.162500
0 0.872500 0.086250 0.108333 0.147500
0 0.962500 0.197500 0.071667 0.160000
0 0.754167 0.351250 0.105000 0.162500
0 0.052500 0.362500 0.101667 0.085000
0 0.163333 0.471250 0.183333 0.057500
0 0.286667 0.661250 0.103333 0.182500
0 0.257500 0.675000 0.095000 0.075000
0 0.090000 0.663750 0.043333 0.132500
0 0.075000 0.640000 0.093333 0.090000
0 0.464167 0.471250 0.125000 0.147500
0 0.355833 0.520000 0.098333 0.050000
0 0.345000 0.651250 0.113333 0.187500
0 0.318333 0.846250 0.203333 0.077500
0 0.341667 0.918750 0.120000 0.082500
0 0.418333 0.908750 0.086667 0.157500
0 0.709167 0.676250 0.061667 0.192500
0 0.779167 0.696250 0.118333 0.127500
0 0.791667 0.776250 0.050000 0.162500
0 0.907500 0.932500 0.135000 0.065000
0 0.651667 0.875000 0.080000 0.240000
0 0.635833 0.846250 0.098333 0.177500
0 0.566667 0.836250 0.080000 0.097500
0 0.530833 0.793750 0.111667 0.052500
0 0.502500 0.695000 0.108333 0.190000
0 0.579167 0.725000 0.061667 0.110000