1 0.031667 0.040000 0.060000 0.055000
0 0.123333 0.200000 0.193333 0.080000
0 0.293333 0.273750 0.126667 0.127500
0 0.160833 0.265000 0.158333 0.070000
0 0.549167 0.283750 0.111667 0.252500
0 0.439167 0.565000 0.058333 0.050000
0 0.394167 0.611250 0.095000 0.057500
0 0.355833 0.657500 0.175000 0.085000
0 0.330000 0.777500 0.146667 0.090000
0 0.131667 0.767500 0.136667 0.055000
0 0.584167 0.815000 0.085000 0.135000
0 0.666667 0.945000 0.036667 0.070000
1 0.507500 0.636250 0.091667 0.132500
1 0.257500 0.858750 0.038333 0.052500
1 0.600000 0.962500 0.063333 0.070000
1 0.168333 0.345000 0.053333 0.055000