0 0.150000 0.036250 0.043333 0.072500
0 0.170000 0.310000 0.070000 0.140000
0 0.355000 0.588750 0.120000 0.107500
0 0.074167 0.652500 0.145000 0.075000
0 0.085000 0.833750 0.053333 0.097500
0 0.170833 0.776250 0.078333 0.197500
0 0.535833 0.841250 0.105000 0.197500
0 0.705833 0.735000 0.058333 0.170000
0 0.646667 0.330000 0.043333 0.170000
0 0.755833 0.452500 0.178333 0.095000
0 0.970000 0.475000 0.050000 0.230000
0 0.872500 0.605000 0.061667 0.140000
0 0.644167 0.065000 0.108333 0.130000
0 0.355000 0.316250 0.113333 0.127500
3 0.731667 0.260000 0.046667 0.060000
3 0.820833 0.366250 0.028333 0.047500