0 0.185000 0.065000 0.106667 0.070000
0 0.115833 0.030000 0.051667 0.060000
0 0.075833 0.106250 0.041667 0.207500
0 0.038333 0.105000 0.073333 0.120000
0 0.017500 0.086250 0.035000 0.047500
0 0.234167 0.381250 0.105000 0.162500
0 0.340833 0.297500 0.108333 0.145000
0 0.402500 0.410000 0.081667 0.100000
0 0.459167 0.225000 0.128333 0.125000
0 0.458333 0.357500 0.060000 0.165000
0 0.544167 0.055000 0.051667 0.110000
0 0.550000 0.101250 0.050000 0.142500
0 0.755000 0.158750 0.173333 0.092500
0 0.680833 0.205000 0.088333 0.080000
0 0.791667 0.286250 0.160000 0.067500
0 0.840000 0.327500 0.076667 0.105000
0 0.727500 0.466250 0.061667 0.137500
0 0.804167 0.510000 0.108333 0.160000
0 0.528333 0.533750 0.066667 0.167500
0 0.625000 0.506250 0.060000 0.202500
0 0.617500 0.648750 0.101667 0.102500
0 0.871667 0.528750 0.096667 0.097500
0 0.298333 0.491250 0.073333 0.162500
0 0.387500 0.516250 0.135000 0.057500
0 0.432500 0.626250 0.101667 0.142500
0 0.161667 0.520000 0.086667 0.140000
0 0.110000 0.651250 0.150000 0.052500
0 0.071667 0.621250 0.086667 0.087500
0 0.025000 0.566250 0.046667 0.047500
0 0.028333 0.522500 0.053333 0.050000
0 0.020833 0.828750 0.038333 0.162500
0 0.042500 0.940000 0.051667 0.110000
0 0.128333 0.955000 0.120000 0.065000
0 0.285000 0.912500 0.070000 0.160000
0 0.506667 0.766250 0.066667 0.157500
0 0.440833 0.805000 0.081667 0.205000
0 0.509167 0.927500 0.091667 0.065000
0 0.579167 0.952500 0.048333 0.090000
0 0.642500 0.830000 0.128333 0.060000
0 0.656667 0.920000 0.076667 0.120000
0 0.730000 0.936250 0.050000 0.122500
0 0.822500 0.708750 0.091667 0.107500
0 0.791667 0.652500 0.100000 0.055000
0 0.770000 0.763750 0.096667 0.087500
0 0.757500 0.840000 0.031667 0.085000
0 0.779167 0.833750 0.045000 0.172500
0 0.863333 0.778750 0.096667 0.212500
0 0.885000 0.941250 0.113333 0.097500