0 0.416667 0.072500 0.193333 0.085000
0 0.300000 0.316250 0.083333 0.202500
0 0.240833 0.292500 0.131667 0.060000
0 0.615833 0.346250 0.171667 0.147500
0 0.765833 0.352500 0.085000 0.160000
0 0.767500 0.450000 0.128333 0.090000
0 0.826667 0.303750 0.066667 0.197500
0 0.985833 0.340000 0.025000 0.120000
0 0.974167 0.173750 0.048333 0.052500
0 0.940000 0.046250 0.116667 0.037500
0 0.977500 0.680000 0.031667 0.185000
0 0.808333 0.792500 0.090000 0.170000
0 0.020833 0.693750 0.038333 0.067500
0 0.377500 0.938750 0.128333 0.117500
0 0.529167 0.782500 0.078333 0.175000
0 0.609167 0.717500 0.078333 0.235000
0 0.873333 0.943750 0.136667 0.092500
5 0.846667 0.038750 0.076667 0.077500
5 0.895000 0.465000 0.056667 0.070000
1 0.852500 0.507500 0.058333 0.080000
1 0.921667 0.765000 0.066667 0.090000
1 0.358333 0.355000 0.063333 0.080000