0 0.111667 0.287500 0.056667 0.175000
0 0.183333 0.396250 0.086667 0.132500
0 0.260000 0.235000 0.106667 0.185000
0 0.344167 0.297500 0.115000 0.085000
0 0.350833 0.276250 0.061667 0.132500
0 0.472500 0.137500 0.055000 0.075000
0 0.495000 0.090000 0.053333 0.095000
0 0.544167 0.063750 0.061667 0.092500
0 0.656667 0.323750 0.080000 0.102500
0 0.495000 0.343750 0.146667 0.102500
0 0.534167 0.330000 0.058333 0.100000
0 0.514167 0.425000 0.041667 0.090000
0 0.590000 0.416250 0.093333 0.052500
0 0.625000 0.426250 0.100000 0.122500
0 0.585000 0.500000 0.110000 0.105000
0 0.093333 0.580000 0.110000 0.180000
0 0.245833 0.632500 0.181667 0.130000
0 0.447500 0.623750 0.081667 0.172500
0 0.300833 0.770000 0.148333 0.080000
0 0.173333 0.893750 0.096667 0.147500
0 0.330000 0.875000 0.076667 0.110000
0 0.421667 0.886250 0.066667 0.192500
0 0.469167 0.918750 0.025000 0.152500
0 0.522500 0.900000 0.091667 0.075000
0 0.604167 0.770000 0.101667 0.200000
0 0.594167 0.787500 0.055000 0.070000
0 0.720000 0.701250 0.030000 0.177500
0 0.721667 0.741250 0.080000 0.057500
0 0.875000 0.691250 0.163333 0.062500
0 0.855000 0.835000 0.106667 0.230000
0 0.731667 0.943750 0.100000 0.107500
0 0.758333 0.380000 0.136667 0.280000
0 0.854167 0.527500 0.118333 0.160000
0 0.938333 0.476250 0.030000 0.167500
0 0.945000 0.341250 0.043333 0.097500
0 0.961667 0.201250 0.073333 0.062500