0 0.234167 0.035000 0.078333 0.070000
0 0.338333 0.088750 0.113333 0.122500
0 0.341667 0.022500 0.040000 0.045000
0 0.477500 0.257500 0.071667 0.185000
0 0.585833 0.268750 0.111667 0.077500
0 0.628333 0.133750 0.146667 0.107500
0 0.713333 0.173750 0.030000 0.152500
0 0.879167 0.102500 0.128333 0.145000
0 0.652500 0.437500 0.115000 0.250000
0 0.666667 0.417500 0.130000 0.115000
0 0.501667 0.468750 0.163333 0.077500
0 0.505833 0.638750 0.058333 0.167500
0 0.353333 0.371250 0.126667 0.152500
0 0.299167 0.390000 0.101667 0.060000
0 0.107500 0.457500 0.108333 0.165000
0 0.054167 0.448750 0.075000 0.147500
0 0.090000 0.640000 0.150000 0.040000
0 0.146667 0.681250 0.076667 0.097500
0 0.060000 0.750000 0.050000 0.040000
0 0.014167 0.753750 0.028333 0.077500
0 0.322500 0.792500 0.131667 0.055000
0 0.348333 0.712500 0.133333 0.065000
0 0.265833 0.928750 0.155000 0.102500
0 0.085000 0.847500 0.126667 0.070000
0 0.065000 0.951250 0.113333 0.082500
0 0.495833 0.901250 0.098333 0.132500
0 0.632500 0.820000 0.168333 0.140000
0 0.886667 0.626250 0.143333 0.107500
0 0.959167 0.747500 0.078333 0.065000
0 0.982500 0.877500 0.025000 0.060000
0 0.968333 0.903750 0.033333 0.112500