0 0.206667 0.085000 0.143333 0.075000
0 0.057500 0.181250 0.081667 0.187500
0 0.172500 0.301250 0.081667 0.097500
0 0.489167 0.158750 0.108333 0.117500
0 0.518333 0.032500 0.130000 0.065000
0 0.346667 0.312500 0.110000 0.155000
0 0.464167 0.245000 0.108333 0.090000
0 0.052500 0.412500 0.045000 0.110000
0 0.059167 0.598750 0.081667 0.097500
0 0.128333 0.685000 0.103333 0.075000
0 0.117500 0.645000 0.058333 0.070000
0 0.201667 0.481250 0.093333 0.167500
0 0.280000 0.567500 0.123333 0.180000
0 0.359167 0.641250 0.071667 0.112500
0 0.434167 0.605000 0.101667 0.160000
0 0.510000 0.615000 0.080000 0.065000
0 0.452500 0.372500 0.045000 0.185000
0 0.524167 0.638750 0.031667 0.112500
0 0.595000 0.723750 0.066667 0.067500
0 0.497500 0.826250 0.058333 0.197500
0 0.405000 0.818750 0.073333 0.087500
0 0.354167 0.830000 0.045000 0.140000
0 0.321667 0.853750 0.070000 0.072500
0 0.745000 0.870000 0.073333 0.090000
0 0.747500 0.878750 0.061667 0.117500
0 0.764167 0.783750 0.041667 0.112500
0 0.855000 0.808750 0.076667 0.162500
0 0.795000 0.841250 0.033333 0.122500
0 0.800000 0.682500 0.066667 0.115000
0 0.753333 0.546250 0.126667 0.042500
0 0.632500 0.558750 0.085000 0.117500
0 0.642500 0.426250 0.085000 0.122500
0 0.757500 0.452500 0.081667 0.080000
0 0.760000 0.377500 0.040000 0.060000
0 0.798333 0.316250 0.193333 0.057500
0 0.939167 0.555000 0.061667 0.070000
0 0.945833 0.667500 0.095000 0.110000