0 0.217500 0.146250 0.121667 0.092500
0 0.288333 0.220000 0.070000 0.140000
0 0.395833 0.182500 0.105000 0.085000
0 0.390833 0.296250 0.041667 0.132500
0 0.330000 0.386250 0.086667 0.107500
0 0.272500 0.447500 0.095000 0.085000
0 0.105833 0.393750 0.098333 0.132500
0 0.085000 0.621250 0.123333 0.102500
0 0.131667 0.716250 0.103333 0.067500
0 0.120000 0.768750 0.100000 0.072500
0 0.116667 0.861250 0.120000 0.122500
0 0.320833 0.765000 0.041667 0.180000
0 0.249167 0.653750 0.078333 0.152500
0 0.405833 0.581250 0.048333 0.097500
0 0.445833 0.620000 0.088333 0.135000
0 0.380833 0.687500 0.051667 0.065000
0 0.405000 0.762500 0.063333 0.085000
0 0.403333 0.881250 0.056667 0.137500
0 0.461667 0.818750 0.060000 0.202500
0 0.571667 0.743750 0.093333 0.112500
0 0.570000 0.621250 0.126667 0.102500
0 0.650000 0.608750 0.066667 0.072500
0 0.649167 0.408750 0.091667 0.077500
0 0.465000 0.247500 0.053333 0.145000
0 0.552500 0.132500 0.098333 0.085000
0 0.768333 0.265000 0.163333 0.060000
0 0.798333 0.381250 0.060000 0.162500
0 0.757500 0.377500 0.138333 0.060000
0 0.817500 0.425000 0.121667 0.070000
0 0.838333 0.501250 0.090000 0.097500
0 0.730000 0.510000 0.050000 0.200000
0 0.967500 0.166250 0.061667 0.082500
0 0.885833 0.167500 0.058333 0.105000
0 0.650833 0.815000 0.085000 0.075000
0 0.640000 0.928750 0.096667 0.122500
0 0.772500 0.857500 0.111667 0.070000
0 0.825833 0.860000 0.058333 0.080000
0 0.873333 0.813750 0.080000 0.212500
0 0.912500 0.941250 0.048333 0.112500