4 0.602150 0.625525 0.080867 0.087500
1 0.520908 0.767962 0.024617 0.068225
1 0.464850 0.597125 0.039067 0.040100
1 0.972267 0.173575 0.033600 0.054950
1 0.491400 0.661188 0.044533 0.074475
1 0.810158 0.971625 0.042183 0.040100
1 0.601558 0.626312 0.079683 0.086975
1 0.393658 0.292962 0.031450 0.044275
1 0.422467 0.694275 0.036333 0.044800
1 0.617192 0.823688 0.020317 0.055725
1 0.477542 0.040012 0.033983 0.047225
1 0.196000 0.501937 0.030667 0.040875
1 0.343258 0.178062 0.038083 0.041275
1 0.104900 0.661725 0.047600 0.072400
1 0.081667 0.122650 0.031500 0.037250
1 0.649417 0.816412 0.026167 0.045325
1 0.500383 0.085387 0.030467 0.046025
1 0.304208 0.928638 0.024417 0.040625
0 0.105000 0.147500 0.126667 0.095000
0 0.203333 0.162500 0.056667 0.155000
0 0.315833 0.131250 0.085000 0.122500
0 0.582500 0.162500 0.098333 0.085000
0 0.792500 0.151250 0.118333 0.122500
0 0.900000 0.178750 0.120000 0.082500
0 0.915000 0.223750 0.150000 0.067500
0 0.903333 0.318750 0.060000 0.137500
0 0.800833 0.418750 0.121667 0.097500
0 0.910833 0.445000 0.141667 0.150000
0 0.760833 0.551250 0.105000 0.127500
0 0.837500 0.732500 0.115000 0.175000
0 0.710833 0.747500 0.078333 0.155000
0 0.489167 0.943750 0.188333 0.082500
0 0.625833 0.940000 0.158333 0.080000
0 0.720833 0.926250 0.101667 0.067500
0 0.180000 0.647500 0.120000 0.115000
0 0.210000 0.357500 0.126667 0.165000
0 0.027500 0.400000 0.051667 0.155000
0 0.095000 0.467500 0.116667 0.115000
0 0.182500 0.901250 0.075000 0.182500
0 0.151667 0.895000 0.130000 0.110000
0 0.482500 0.338750 0.125000 0.122500
0 0.605000 0.265000 0.116667 0.150000
0 0.581667 0.333750 0.060000 0.142500
0 0.621667 0.396250 0.116667 0.067500
0 0.660833 0.573750 0.075000 0.092500
0 0.814167 0.838750 0.158333 0.107500
0 0.880000 0.943750 0.120000 0.107500
0 0.575833 0.217500 0.075000 0.095000