0 0.221667 0.211250 0.133333 0.127500
0 0.275000 0.112500 0.096667 0.225000
0 0.306667 0.168750 0.073333 0.182500
0 0.355000 0.241250 0.130000 0.137500
0 0.451667 0.175000 0.150000 0.150000
0 0.216667 0.350000 0.183333 0.095000
0 0.220833 0.377500 0.048333 0.205000
0 0.170833 0.542500 0.065000 0.115000
0 0.265000 0.650000 0.110000 0.250000
0 0.195833 0.708750 0.061667 0.157500
0 0.636667 0.773750 0.133333 0.172500
0 0.595833 0.550000 0.071667 0.175000
0 0.708333 0.528750 0.096667 0.087500
0 0.815000 0.575000 0.143333 0.050000
0 0.886667 0.620000 0.070000 0.150000
0 0.895833 0.763750 0.188333 0.087500
0 0.936667 0.705000 0.123333 0.170000
0 0.676667 0.382500 0.203333 0.065000
0 0.774167 0.313750 0.241667 0.137500
0 0.892500 0.147500 0.145000 0.275000
0 0.815000 0.163750 0.106667 0.142500
1 0.119167 0.153750 0.058333 0.087500
1 0.075833 0.257500 0.071667 0.095000
1 0.408333 0.095000 0.050000 0.070000
1 0.354167 0.361250 0.051667 0.072500
1 0.350000 0.773750 0.070000 0.097500
1 0.285000 0.825000 0.066667 0.105000
1 0.056667 0.955000 0.053333 0.070000
1 0.305000 0.921250 0.056667 0.102500
1 0.531667 0.525000 0.046667 0.090000
1 0.585000 0.513750 0.046667 0.087500
0 0.781667 0.511250 0.093333 0.182500
1 0.520833 0.248750 0.058333 0.072500
1 0.469167 0.945000 0.078333 0.105000
1 0.767500 0.685000 0.068333 0.095000