5 0.887508 0.461975 0.043750 0.056250
5 0.851183 0.040087 0.071100 0.071925
0 0.413333 0.065000 0.226667 0.095000
0 0.244167 0.270000 0.138333 0.080000
0 0.412500 0.481250 0.111667 0.137500
0 0.615833 0.336250 0.175000 0.127500
0 0.618333 0.413750 0.046667 0.182500
0 0.759167 0.355000 0.078333 0.145000
0 0.829167 0.290000 0.078333 0.210000
0 0.975000 0.351250 0.046667 0.117500
0 0.970833 0.651250 0.038333 0.127500
0 0.810000 0.788750 0.083333 0.182500
0 0.348333 0.945000 0.103333 0.105000
1 0.928333 0.762500 0.050000 0.095000
1 0.352500 0.353750 0.055000 0.087500
0 0.937500 0.051250 0.121667 0.047500
1 0.846667 0.503750 0.050000 0.072500