0 0.415833 0.073750 0.215000 0.087500
0 0.285833 0.270000 0.061667 0.185000
0 0.245833 0.270000 0.138333 0.075000
0 0.616667 0.355000 0.160000 0.140000
0 0.764167 0.355000 0.098333 0.170000
0 0.827500 0.302500 0.068333 0.215000
0 0.956667 0.167500 0.080000 0.095000
0 0.937500 0.051250 0.115000 0.077500
0 0.980000 0.656250 0.036667 0.137500
0 0.984167 0.347500 0.021667 0.120000
0 0.804167 0.795000 0.085000 0.200000
0 0.622500 0.765000 0.091667 0.225000
0 0.531667 0.732500 0.073333 0.240000
0 0.691667 0.500000 0.156667 0.110000
0 0.387500 0.901250 0.138333 0.142500
0 0.185000 0.953750 0.113333 0.087500
0 0.030833 0.710000 0.058333 0.060000
0 0.817500 0.963750 0.141667 0.067500
1 0.925000 0.750000 0.033333 0.080000
1 0.847500 0.518750 0.041667 0.057500
1 0.357500 0.351250 0.068333 0.087500
5 0.845000 0.045000 0.073333 0.090000
5 0.890833 0.461250 0.058333 0.067500