0 0.041667 0.183750 0.083333 0.062500
0 0.405833 0.225000 0.145000 0.090000
0 0.485833 0.210000 0.121667 0.190000
0 0.599167 0.173750 0.125000 0.167500
0 0.445000 0.047500 0.073333 0.095000
0 0.760833 0.161250 0.125000 0.122500
0 0.952500 0.420000 0.091667 0.105000
0 0.869167 0.522500 0.175000 0.095000
0 0.854167 0.461250 0.118333 0.142500
0 0.700000 0.566250 0.073333 0.247500
0 0.501667 0.687500 0.120000 0.135000
0 0.399167 0.603750 0.101667 0.237500
0 0.068333 0.778750 0.086667 0.222500
0 0.200833 0.711250 0.148333 0.112500
0 0.155000 0.786250 0.076667 0.117500
0 0.165833 0.948750 0.168333 0.077500
0 0.137500 0.946250 0.065000 0.092500
1 0.515833 0.396250 0.065000 0.087500
3 0.620833 0.257500 0.028333 0.055000