0 0.033333 0.062500 0.066667 0.110000
0 0.030000 0.195000 0.040000 0.170000
0 0.070833 0.357500 0.075000 0.215000
0 0.293333 0.365000 0.130000 0.190000
0 0.470000 0.371250 0.063333 0.177500
0 0.505000 0.393750 0.143333 0.117500
0 0.407500 0.143750 0.021667 0.197500
0 0.344167 0.123750 0.035000 0.187500
0 0.335833 0.051250 0.088333 0.082500
0 0.591667 0.148750 0.150000 0.077500
0 0.647500 0.095000 0.138333 0.150000
0 0.589167 0.293750 0.018333 0.252500
0 0.825833 0.141250 0.068333 0.182500
0 0.810000 0.035000 0.056667 0.070000
0 0.950833 0.390000 0.085000 0.120000
0 0.735833 0.495000 0.091667 0.110000
0 0.804167 0.523750 0.088333 0.147500
0 0.875833 0.531250 0.065000 0.122500
0 0.733333 0.656250 0.096667 0.102500
0 0.682500 0.583750 0.061667 0.187500
0 0.577500 0.607500 0.085000 0.145000
0 0.579167 0.745000 0.105000 0.110000
0 0.690000 0.716250 0.100000 0.082500
0 0.932500 0.665000 0.108333 0.125000
0 0.928333 0.562500 0.080000 0.055000
0 0.961667 0.815000 0.036667 0.030000
0 0.944167 0.895000 0.108333 0.105000
0 0.692500 0.908750 0.041667 0.167500
0 0.685833 0.828750 0.088333 0.102500
0 0.580833 0.846250 0.105000 0.092500
0 0.652500 0.918750 0.065000 0.157500
0 0.458333 0.846250 0.056667 0.167500
0 0.397500 0.765000 0.118333 0.075000
0 0.419167 0.693750 0.145000 0.027500
1 0.409167 0.706250 0.035000 0.047500
0 0.276667 0.780000 0.060000 0.075000
0 0.332500 0.603750 0.161667 0.072500
0 0.177500 0.531250 0.121667 0.152500
0 0.195000 0.707500 0.083333 0.055000
0 0.223333 0.860000 0.060000 0.075000
0 0.254167 0.946250 0.061667 0.087500
0 0.190000 0.917500 0.086667 0.045000
0 0.150833 0.958750 0.061667 0.077500
0 0.063333 0.897500 0.086667 0.125000
0 0.025000 0.595000 0.050000 0.040000
0 0.260000 0.060000 0.040000 0.120000
0 0.249167 0.043750 0.051667 0.087500
0 0.855000 0.628750 0.110000 0.122500