0 0.105000 0.573750 0.100000 0.187500
0 0.249167 0.625000 0.145000 0.145000
0 0.165000 0.350000 0.110000 0.215000
0 0.095833 0.423750 0.051667 0.152500
0 0.251667 0.220000 0.050000 0.180000
0 0.366667 0.293750 0.153333 0.102500
0 0.347500 0.266250 0.068333 0.147500
0 0.502500 0.327500 0.145000 0.095000
0 0.512500 0.425000 0.045000 0.080000
0 0.510000 0.076250 0.123333 0.152500
0 0.528333 0.048750 0.040000 0.087500
0 0.586667 0.130000 0.090000 0.080000
0 0.654167 0.113750 0.038333 0.177500
0 0.851667 0.095000 0.090000 0.155000
0 0.940000 0.212500 0.113333 0.100000
0 0.756667 0.315000 0.123333 0.210000
0 0.571667 0.471250 0.060000 0.192500
0 0.596667 0.445000 0.123333 0.110000
0 0.692500 0.448750 0.111667 0.072500
0 0.667500 0.520000 0.118333 0.115000
0 0.839167 0.520000 0.108333 0.160000
0 0.923333 0.588750 0.050000 0.177500
0 0.956667 0.570000 0.063333 0.235000
0 0.954167 0.720000 0.088333 0.100000
0 0.899167 0.697500 0.088333 0.095000
0 0.720000 0.668750 0.073333 0.162500
0 0.860000 0.916250 0.060000 0.152500
0 0.750833 0.848750 0.095000 0.222500
0 0.590833 0.762500 0.131667 0.235000
0 0.392500 0.841250 0.145000 0.082500
0 0.328333 0.878750 0.066667 0.122500
0 0.456667 0.953750 0.070000 0.082500
0 0.516667 0.938750 0.036667 0.117500
0 0.171667 0.901250 0.110000 0.142500
0 0.442500 0.628750 0.101667 0.122500