0 0.024167 0.166250 0.025000 0.187500
0 0.269167 0.291250 0.081667 0.187500
0 0.164167 0.470000 0.061667 0.120000
0 0.227500 0.510000 0.115000 0.090000
0 0.378333 0.397500 0.146667 0.070000
0 0.496667 0.267500 0.123333 0.075000
0 0.516667 0.206250 0.120000 0.052500
0 0.580000 0.165000 0.050000 0.120000
0 0.581667 0.141250 0.043333 0.057500
0 0.634167 0.125000 0.081667 0.110000
0 0.760833 0.116250 0.101667 0.142500
0 0.689167 0.252500 0.131667 0.090000
0 0.851667 0.192500 0.070000 0.200000
0 0.893333 0.032500 0.163333 0.065000
0 0.952500 0.230000 0.091667 0.105000
0 0.820833 0.412500 0.105000 0.255000
0 0.760000 0.435000 0.110000 0.110000
0 0.676667 0.390000 0.100000 0.080000
0 0.651667 0.388750 0.066667 0.162500
0 0.541667 0.441250 0.126667 0.087500
0 0.468333 0.476250 0.100000 0.032500
0 0.529167 0.468750 0.035000 0.062500
0 0.653333 0.545000 0.173333 0.090000
0 0.575000 0.562500 0.120000 0.055000
0 0.320833 0.666250 0.051667 0.187500
0 0.425833 0.680000 0.095000 0.160000
0 0.196667 0.616250 0.120000 0.122500
0 0.150000 0.691250 0.116667 0.117500
0 0.168333 0.928750 0.080000 0.132500
0 0.358333 0.928750 0.066667 0.117500
0 0.579167 0.842500 0.105000 0.100000
0 0.635000 0.810000 0.086667 0.155000
0 0.562500 0.915000 0.071667 0.120000
0 0.731667 0.817500 0.106667 0.060000
0 0.728333 0.838750 0.073333 0.137500
0 0.807500 0.781250 0.141667 0.097500
0 0.879167 0.643750 0.081667 0.167500