0 0.193333 0.175000 0.100000 0.130000
0 0.291667 0.083750 0.123333 0.117500
0 0.498333 0.097500 0.163333 0.120000
0 0.862500 0.158750 0.161667 0.057500
0 0.816667 0.347500 0.133333 0.090000
0 0.613333 0.337500 0.060000 0.170000
0 0.075000 0.201250 0.073333 0.122500
0 0.020000 0.282500 0.036667 0.060000
0 0.044167 0.378750 0.055000 0.117500
0 0.218333 0.467500 0.096667 0.125000
0 0.101667 0.543750 0.056667 0.152500
0 0.230000 0.615000 0.040000 0.155000
0 0.417500 0.608750 0.131667 0.102500
0 0.416667 0.422500 0.103333 0.085000
0 0.651667 0.483750 0.110000 0.087500
0 0.617500 0.610000 0.045000 0.200000
0 0.696667 0.507500 0.073333 0.105000
0 0.778333 0.557500 0.123333 0.140000
0 0.850833 0.452500 0.125000 0.065000
0 0.958333 0.596250 0.063333 0.082500
0 0.588333 0.768750 0.133333 0.047500
0 0.570000 0.836250 0.186667 0.072500
0 0.510000 0.907500 0.030000 0.145000
0 0.557500 0.940000 0.055000 0.115000
0 0.679167 0.936250 0.041667 0.122500
0 0.806667 0.925000 0.046667 0.145000
0 0.300833 0.785000 0.085000 0.135000
0 0.280833 0.946250 0.061667 0.087500
0 0.358333 0.968750 0.060000 0.047500