4 0.206008 0.644012 0.140717 0.201575
0 0.225000 0.136250 0.130000 0.052500
0 0.350833 0.127500 0.075000 0.130000
0 0.169167 0.205000 0.121667 0.065000
0 0.475000 0.112500 0.096667 0.165000
0 0.469167 0.235000 0.091667 0.090000
0 0.329167 0.320000 0.058333 0.145000
0 0.260833 0.341250 0.115000 0.057500
0 0.240000 0.466250 0.090000 0.092500
0 0.544167 0.335000 0.095000 0.110000
0 0.654167 0.210000 0.048333 0.160000
0 0.075833 0.625000 0.101667 0.110000
0 0.310833 0.628750 0.095000 0.082500
0 0.749167 0.312500 0.095000 0.095000
0 0.838333 0.321250 0.070000 0.057500
0 0.820833 0.391250 0.035000 0.062500
0 0.774167 0.070000 0.068333 0.100000
0 0.905000 0.158750 0.103333 0.057500
0 0.962500 0.168750 0.025000 0.077500
0 0.740000 0.425000 0.086667 0.050000
0 0.357500 0.433750 0.101667 0.137500
0 0.387500 0.547500 0.085000 0.085000
0 0.418333 0.625000 0.076667 0.090000
0 0.428333 0.675000 0.046667 0.070000
0 0.462500 0.436250 0.051667 0.202500
0 0.525000 0.537500 0.056667 0.140000
0 0.580833 0.635000 0.068333 0.055000
0 0.646667 0.620000 0.063333 0.100000
0 0.725000 0.593750 0.036667 0.112500
0 0.756667 0.536250 0.093333 0.072500
0 0.864167 0.605000 0.081667 0.130000
0 0.881667 0.510000 0.076667 0.070000
0 0.914167 0.733750 0.075000 0.057500
0 0.874167 0.865000 0.075000 0.210000
0 0.781667 0.883750 0.110000 0.072500
0 0.763333 0.781250 0.040000 0.122500
0 0.715000 0.916250 0.066667 0.087500
0 0.783333 0.971250 0.063333 0.052500
0 0.614167 0.745000 0.035000 0.070000
0 0.580833 0.761250 0.035000 0.082500
0 0.449167 0.823750 0.065000 0.172500
0 0.341667 0.871250 0.116667 0.107500
0 0.166667 0.771250 0.086667 0.097500
0 0.155000 0.936250 0.050000 0.117500