0 0.083333 0.156250 0.113333 0.222500
0 0.070000 0.131250 0.136667 0.237500
0 0.198333 0.112500 0.083333 0.225000
0 0.316667 0.077500 0.150000 0.155000
0 0.401667 0.157500 0.143333 0.175000
0 0.464167 0.196250 0.155000 0.132500
0 0.503333 0.093750 0.196667 0.167500
0 0.501667 0.113750 0.183333 0.102500
0 0.645833 0.133750 0.061667 0.102500
0 0.695000 0.100000 0.160000 0.200000
0 0.772500 0.156250 0.091667 0.192500
0 0.780000 0.051250 0.146667 0.082500
0 0.874167 0.127500 0.145000 0.105000
0 0.938333 0.118750 0.076667 0.232500
0 0.863333 0.267500 0.153333 0.105000
0 0.835833 0.255000 0.115000 0.140000
0 0.780833 0.302500 0.041667 0.155000
0 0.810000 0.377500 0.113333 0.175000
0 0.819167 0.437500 0.045000 0.165000
0 0.816667 0.502500 0.073333 0.155000
0 0.791667 0.457500 0.170000 0.150000
0 0.666667 0.516250 0.186667 0.202500
0 0.537500 0.548750 0.061667 0.212500
0 0.535833 0.675000 0.148333 0.135000
0 0.525833 0.312500 0.201667 0.165000
0 0.456667 0.380000 0.100000 0.245000
0 0.372500 0.420000 0.185000 0.080000
0 0.210000 0.453750 0.163333 0.152500
0 0.217500 0.466250 0.155000 0.067500
0 0.187500 0.320000 0.168333 0.150000
0 0.074167 0.591250 0.145000 0.242500
0 0.115000 0.651250 0.103333 0.262500
0 0.195833 0.765000 0.128333 0.155000
0 0.180833 0.670000 0.121667 0.155000
0 0.211667 0.622500 0.090000 0.195000
0 0.290833 0.705000 0.121667 0.150000
0 0.318333 0.647500 0.113333 0.130000
0 0.703333 0.791250 0.110000 0.157500
0 0.617500 0.905000 0.078333 0.110000
0 0.533333 0.898750 0.120000 0.097500
0 0.541667 0.892500 0.110000 0.205000
0 0.328333 0.898750 0.100000 0.077500
0 0.386667 0.851250 0.106667 0.047500
0 0.375833 0.785000 0.035000 0.130000
0 0.197500 0.926250 0.045000 0.142500
0 0.111667 0.941250 0.066667 0.102500
0 0.419167 0.956250 0.068333 0.082500
0 0.450833 0.951250 0.048333 0.092500
0 0.900000 0.725000 0.180000 0.130000
0 0.926667 0.712500 0.053333 0.260000
0 0.905833 0.768750 0.108333 0.137500
0 0.902500 0.866250 0.191667 0.072500
0 0.848333 0.941250 0.090000 0.107500
0 0.756667 0.968750 0.040000 0.042500
0 0.925833 0.968750 0.038333 0.057500
0 0.966667 0.971250 0.033333 0.052500
4 0.416667 0.753750 0.100000 0.057500