0 0.805858 0.567963 0.100783 0.131775
0 0.802742 0.215438 0.089850 0.142575
0 0.739267 0.169325 0.016800 0.124350
0 0.190967 0.055150 0.063767 0.109000
0 0.308600 0.336987 0.054300 0.077075
0 0.088792 0.159762 0.151717 0.035425
0 0.902350 0.815638 0.100000 0.047925
0 0.263675 0.602612 0.099617 0.079175
0 0.164850 0.204950 0.068367 0.158850
0 0.224808 0.628912 0.175383 0.130725
0 0.459175 0.328662 0.071483 0.045325
0 0.708008 0.257350 0.169917 0.071750
0 0.045192 0.952600 0.021150 0.069800
0 0.945708 0.419925 0.063283 0.120050
0 0.218842 0.718225 0.013083 0.061450
0 0.565625 0.407038 0.157817 0.063025
0 0.696292 0.957550 0.185550 0.034900
0 0.577542 0.091750 0.041017 0.061300
0 0.729100 0.069525 0.108200 0.041150
0 0.318167 0.402075 0.078133 0.115100
0 0.279108 0.888288 0.055083 0.207825
0 0.834375 0.413150 0.042183 0.153900
4 0.185950 0.614337 0.053133 0.069275
5 0.655000 0.597500 0.103333 0.125000
0 0.290833 0.700000 0.088333 0.075000
0 0.175833 0.745000 0.055000 0.070000
0 0.167500 0.808750 0.055000 0.077500
0 0.141667 0.953750 0.066667 0.087500
0 0.633333 0.866250 0.133333 0.092500
0 0.719167 0.828750 0.058333 0.062500
0 0.729167 0.878750 0.105000 0.052500
0 0.827500 0.875000 0.155000 0.065000
0 0.825833 0.942500 0.078333 0.090000
0 0.870000 0.086250 0.116667 0.042500
0 0.858333 0.093750 0.043333 0.112500
0 0.916667 0.220000 0.133333 0.070000
0 0.369167 0.057500 0.105000 0.095000
0 0.469167 0.103750 0.081667 0.132500
0 0.456667 0.617500 0.126667 0.045000
4 0.566667 0.595000 0.060000 0.115000
1 0.620833 0.030000 0.038333 0.060000
1 0.036667 0.236250 0.073333 0.072500
1 0.506667 0.261250 0.056667 0.062500
1 0.702500 0.760000 0.075000 0.080000
1 0.787500 0.747500 0.045000 0.065000
1 0.482500 0.576250 0.061667 0.052500
1 0.125833 0.092500 0.045000 0.075000