0 0.240000 0.311250 0.136667 0.062500
0 0.348333 0.296250 0.133333 0.107500
0 0.465000 0.250000 0.086667 0.180000
0 0.373333 0.051250 0.136667 0.072500
0 0.822500 0.301250 0.095000 0.177500
0 0.739167 0.328750 0.101667 0.122500
0 0.609167 0.378750 0.161667 0.162500
0 0.415000 0.593750 0.126667 0.137500
0 0.415000 0.798750 0.120000 0.137500
0 0.524167 0.841250 0.111667 0.262500
0 0.791667 0.805000 0.060000 0.175000
0 0.897500 0.845000 0.135000 0.145000
0 0.961667 0.656250 0.073333 0.142500
0 0.948333 0.952500 0.063333 0.085000
1 0.899167 0.756250 0.041667 0.067500
0 0.575833 0.612500 0.085000 0.205000
5 0.851667 0.043750 0.076667 0.072500
5 0.890000 0.466250 0.063333 0.067500