0 0.119167 0.175000 0.101667 0.215000
0 0.273333 0.237500 0.083333 0.205000
0 0.347500 0.312500 0.135000 0.065000
0 0.452500 0.437500 0.101667 0.060000
0 0.517500 0.447500 0.051667 0.095000
0 0.504167 0.360000 0.178333 0.065000
0 0.515000 0.270000 0.066667 0.140000
0 0.538333 0.132500 0.180000 0.055000
0 0.556667 0.095000 0.090000 0.135000
0 0.865000 0.168750 0.080000 0.077500
0 0.935833 0.235000 0.048333 0.150000
0 0.955000 0.052500 0.080000 0.070000
0 0.773333 0.356250 0.123333 0.187500
0 0.925000 0.387500 0.063333 0.190000
0 0.601667 0.430000 0.046667 0.120000
0 0.610000 0.502500 0.023333 0.115000
0 0.575833 0.528750 0.078333 0.117500
0 0.449167 0.632500 0.085000 0.110000
0 0.173333 0.401250 0.103333 0.187500
0 0.103333 0.607500 0.113333 0.195000
0 0.229167 0.707500 0.148333 0.065000
0 0.218333 0.615000 0.060000 0.125000
0 0.162500 0.897500 0.098333 0.130000
0 0.211667 0.973750 0.046667 0.047500
0 0.349167 0.892500 0.081667 0.135000
0 0.426667 0.883750 0.063333 0.227500
0 0.458333 0.807500 0.090000 0.160000
0 0.552500 0.821250 0.088333 0.142500
0 0.620000 0.622500 0.093333 0.205000
0 0.656667 0.703750 0.090000 0.132500
0 0.709167 0.758750 0.081667 0.062500
0 0.810833 0.717500 0.185000 0.040000
0 0.872500 0.686250 0.058333 0.172500
0 0.910000 0.403750 0.120000 0.082500
0 0.868333 0.523750 0.106667 0.132500
0 0.728333 0.598750 0.046667 0.207500
0 0.766667 0.912500 0.056667 0.160000