0 0.295833 0.357500 0.208333 0.065000
0 0.080833 0.358750 0.095000 0.102500
0 0.080833 0.415000 0.035000 0.070000
0 0.148333 0.447500 0.146667 0.105000
0 0.055833 0.500000 0.078333 0.110000
0 0.069167 0.631250 0.115000 0.097500
0 0.180833 0.668750 0.105000 0.107500
0 0.278333 0.663750 0.133333 0.072500
0 0.403333 0.731250 0.073333 0.152500
0 0.570833 0.702500 0.235000 0.130000
0 0.470833 0.483750 0.101667 0.172500
0 0.586667 0.473750 0.146667 0.162500
0 0.629167 0.593750 0.165000 0.102500
0 0.773333 0.651250 0.146667 0.067500
0 0.891667 0.796250 0.103333 0.057500
0 0.816667 0.901250 0.126667 0.052500
0 0.777500 0.952500 0.101667 0.085000
0 0.930000 0.958750 0.096667 0.077500
0 0.870000 0.333750 0.173333 0.172500
0 0.685000 0.172500 0.186667 0.105000
0 0.722500 0.090000 0.055000 0.175000
0 0.524167 0.360000 0.181667 0.100000
0 0.522500 0.217500 0.128333 0.155000
0 0.465000 0.148750 0.096667 0.077500
0 0.477500 0.087500 0.058333 0.085000
0 0.440833 0.033750 0.058333 0.067500
0 0.151667 0.023750 0.080000 0.047500
0 0.870833 0.055000 0.075000 0.085000
0 0.300000 0.451250 0.146667 0.077500
0 0.300833 0.485000 0.101667 0.050000
0 0.303333 0.526250 0.093333 0.057500