0 0.259167 0.050000 0.141667 0.100000
0 0.448333 0.188750 0.146667 0.107500
0 0.584167 0.278750 0.161667 0.062500
0 0.926667 0.176250 0.100000 0.112500
0 0.871667 0.373750 0.136667 0.072500
0 0.919167 0.538750 0.128333 0.092500
0 0.951667 0.658750 0.093333 0.137500
0 0.398333 0.480000 0.153333 0.175000
0 0.220833 0.586250 0.148333 0.127500
0 0.412500 0.850000 0.128333 0.080000
0 0.302500 0.815000 0.051667 0.110000
0 0.052500 0.518750 0.101667 0.062500
0 0.070000 0.636250 0.136667 0.112500
0 0.671667 0.745000 0.140000 0.090000
0 0.505000 0.831250 0.060000 0.137500
3 0.955000 0.090000 0.033333 0.040000
3 0.288333 0.875000 0.026667 0.050000