0 0.142500 0.096250 0.088333 0.127500
0 0.197500 0.152500 0.091667 0.075000
0 0.022500 0.133750 0.028333 0.092500
0 0.010833 0.171250 0.018333 0.082500
0 0.047500 0.201250 0.045000 0.112500
0 0.082500 0.400000 0.068333 0.220000
0 0.271667 0.412500 0.013333 0.245000
0 0.168333 0.242500 0.050000 0.160000
0 0.282500 0.232500 0.085000 0.180000
0 0.285833 0.083750 0.115000 0.127500
0 0.485833 0.083750 0.198333 0.127500
0 0.637500 0.168750 0.111667 0.117500
0 0.765000 0.085000 0.126667 0.095000
0 0.850000 0.151250 0.146667 0.082500
0 0.926667 0.161250 0.033333 0.162500
0 0.631667 0.276250 0.133333 0.092500
0 0.450000 0.230000 0.096667 0.160000
0 0.441667 0.371250 0.163333 0.092500
0 0.631667 0.492500 0.120000 0.115000
0 0.866667 0.505000 0.110000 0.090000
0 0.921667 0.455000 0.113333 0.070000
0 0.972500 0.261250 0.051667 0.197500
0 0.805833 0.687500 0.148333 0.130000
0 0.682500 0.770000 0.081667 0.165000
0 0.417500 0.625000 0.138333 0.110000
0 0.473333 0.720000 0.073333 0.110000
0 0.559167 0.798750 0.118333 0.082500
0 0.475833 0.777500 0.085000 0.085000
0 0.480000 0.866250 0.113333 0.072500
0 0.310000 0.775000 0.130000 0.070000
0 0.224167 0.641250 0.151667 0.092500
0 0.220833 0.732500 0.078333 0.175000
0 0.065000 0.857500 0.126667 0.155000
0 0.230833 0.882500 0.068333 0.155000
0 0.578333 0.872500 0.093333 0.075000
0 0.726667 0.945000 0.060000 0.050000
0 0.695000 0.968750 0.066667 0.057500
0 0.811667 0.928750 0.073333 0.127500
0 0.950833 0.947500 0.085000 0.100000