0 0.475592 0.871100 0.071483 0.123450
0 0.472850 0.176500 0.115233 0.092050
0 0.140825 0.578638 0.070317 0.140625
0 0.171050 0.328850 0.069633 0.256900
0 0.774800 0.686450 0.084767 0.068750
0 0.572650 0.400912 0.073433 0.120575
0 0.060833 0.160000 0.121667 0.180000
0 0.029167 0.415000 0.055000 0.165000
0 0.246667 0.543750 0.063333 0.127500
0 0.536667 0.352500 0.073333 0.150000
0 0.455000 0.373750 0.063333 0.142500
0 0.782500 0.312500 0.141667 0.130000
0 0.796667 0.495000 0.100000 0.305000
0 0.885000 0.107500 0.110000 0.215000
0 0.684167 0.210000 0.058333 0.090000
0 0.450833 0.628750 0.088333 0.127500
0 0.416667 0.580000 0.036667 0.200000
0 0.046667 0.305000 0.090000 0.075000
1 0.609167 0.217500 0.068333 0.085000
1 0.745833 0.065000 0.058333 0.070000
1 0.619167 0.700000 0.068333 0.060000
1 0.195833 0.676250 0.085000 0.102500
0 0.235000 0.772500 0.073333 0.105000