1 0.041625 0.826300 0.027983 0.040100
0 0.480000 0.083750 0.160000 0.087500
0 0.658333 0.225000 0.086667 0.210000
0 0.493333 0.225000 0.110000 0.090000
0 0.388333 0.213750 0.053333 0.232500
0 0.300833 0.348750 0.148333 0.037500
0 0.294167 0.376250 0.098333 0.032500
0 0.494167 0.415000 0.088333 0.170000
0 0.466667 0.347500 0.060000 0.130000
0 0.358333 0.556250 0.140000 0.137500
0 0.667500 0.693750 0.065000 0.142500
0 0.721667 0.792500 0.040000 0.205000
0 0.596667 0.885000 0.170000 0.050000
0 0.842500 0.746250 0.135000 0.172500
0 0.955000 0.866250 0.083333 0.107500
0 0.097500 0.735000 0.098333 0.130000
0 0.856667 0.230000 0.113333 0.165000
0 0.728333 0.545000 0.120000 0.115000