0 0.216667 0.037500 0.160000 0.070000
0 0.262500 0.100000 0.118333 0.165000
0 0.316667 0.227500 0.053333 0.165000
0 0.413333 0.092500 0.076667 0.155000
0 0.376667 0.288750 0.106667 0.182500
0 0.413333 0.373750 0.086667 0.047500
0 0.105000 0.145000 0.070000 0.150000
0 0.082500 0.267500 0.081667 0.115000
0 0.032500 0.210000 0.061667 0.175000
0 0.610000 0.201250 0.083333 0.157500
0 0.718333 0.376250 0.140000 0.192500
0 0.760000 0.453750 0.113333 0.122500
0 0.735000 0.665000 0.123333 0.170000
0 0.955833 0.497500 0.085000 0.140000
0 0.908333 0.903750 0.143333 0.097500
0 0.492500 0.927500 0.098333 0.140000
0 0.432500 0.835000 0.128333 0.185000
0 0.163333 0.733750 0.090000 0.172500
0 0.091667 0.628750 0.096667 0.242500
0 0.130000 0.883750 0.186667 0.092500
1 0.557500 0.391250 0.055000 0.062500
1 0.130000 0.136250 0.040000 0.087500