0 0.064167 0.237500 0.121667 0.090000
0 0.246667 0.268750 0.163333 0.062500
0 0.270833 0.137500 0.181667 0.105000
0 0.410000 0.063750 0.180000 0.087500
0 0.600000 0.027500 0.040000 0.055000
0 0.931667 0.032500 0.123333 0.065000
0 0.624167 0.347500 0.171667 0.150000
0 0.761667 0.335000 0.093333 0.135000
0 0.863333 0.321250 0.070000 0.137500
0 0.821667 0.292500 0.080000 0.185000
0 0.946667 0.281250 0.103333 0.147500
0 0.966667 0.671250 0.063333 0.162500
0 0.655000 0.597500 0.173333 0.125000
0 0.805833 0.775000 0.085000 0.205000
0 0.346667 0.807500 0.110000 0.255000
0 0.071667 0.853750 0.093333 0.222500
1 0.919167 0.762500 0.041667 0.085000
1 0.348333 0.356250 0.053333 0.067500
5 0.847500 0.041250 0.078333 0.057500
5 0.890000 0.468750 0.060000 0.062500