0 0.015000 0.091250 0.023333 0.137500
0 0.182500 0.281250 0.135000 0.062500
0 0.648333 0.060000 0.100000 0.110000
0 0.539167 0.103750 0.045000 0.092500
0 0.650000 0.307500 0.053333 0.125000
0 0.626667 0.342500 0.033333 0.130000
0 0.766667 0.440000 0.173333 0.120000
0 0.967500 0.475000 0.048333 0.190000
0 0.368333 0.558750 0.120000 0.082500
0 0.184167 0.730000 0.081667 0.180000
0 0.092500 0.636250 0.121667 0.092500
0 0.017500 0.630000 0.021667 0.240000
0 0.335833 0.328750 0.081667 0.152500
0 0.637500 0.715000 0.145000 0.090000
0 0.540833 0.842500 0.088333 0.175000