0 0.771475 0.549612 0.060150 0.100775
5 0.637700 0.602863 0.076167 0.086975
4 0.160650 0.628925 0.052733 0.067200
0 0.250833 0.885000 0.088333 0.210000
0 0.097500 0.820000 0.128333 0.060000
0 0.143333 0.946250 0.090000 0.082500
0 0.462500 0.897500 0.155000 0.090000
0 0.625000 0.967500 0.110000 0.060000
0 0.611667 0.882500 0.150000 0.115000
0 0.609167 0.880000 0.128333 0.100000
0 0.695833 0.893750 0.105000 0.107500
0 0.848333 0.898750 0.056667 0.102500
0 0.810000 0.648750 0.040000 0.172500
0 0.713333 0.672500 0.056667 0.105000
0 0.696667 0.555000 0.073333 0.100000
0 0.649167 0.498750 0.061667 0.112500
0 0.641667 0.283750 0.173333 0.132500
0 0.855000 0.135000 0.163333 0.095000
0 0.858333 0.141250 0.050000 0.097500
0 0.739167 0.240000 0.111667 0.180000
0 0.720833 0.152500 0.055000 0.095000
0 0.291667 0.360000 0.070000 0.140000
0 0.226667 0.367500 0.103333 0.065000
0 0.486667 0.476250 0.133333 0.062500
0 0.578333 0.393750 0.150000 0.062500
0 0.142500 0.237500 0.148333 0.045000
0 0.128333 0.163750 0.133333 0.087500
0 0.227500 0.122500 0.115000 0.065000
0 0.439167 0.623750 0.131667 0.052500
0 0.141667 0.566250 0.126667 0.117500
0 0.210833 0.645000 0.181667 0.170000
1 0.467500 0.581250 0.051667 0.057500
1 0.477500 0.260000 0.045000 0.080000
1 0.290000 0.448750 0.056667 0.062500
1 0.755000 0.753750 0.040000 0.067500
1 0.724167 0.763750 0.025000 0.072500
1 0.685000 0.783750 0.036667 0.072500
1 0.500000 0.655000 0.050000 0.055000
0 0.563333 0.095000 0.086667 0.110000
1 0.600000 0.048750 0.053333 0.052500
0 0.706667 0.083750 0.103333 0.107500