0 0.386667 0.072500 0.160000 0.085000
0 0.629167 0.118750 0.055000 0.182500
0 0.732500 0.130000 0.125000 0.115000
0 0.821667 0.295000 0.080000 0.185000
0 0.741667 0.342500 0.113333 0.115000
0 0.613333 0.345000 0.156667 0.165000
0 0.243333 0.266250 0.146667 0.057500
0 0.049167 0.287500 0.091667 0.175000
0 0.295833 0.503750 0.105000 0.147500
0 0.397500 0.486250 0.091667 0.252500
0 0.231667 0.671250 0.153333 0.062500
0 0.145000 0.635000 0.063333 0.090000
0 0.795000 0.803750 0.080000 0.207500
0 0.958333 0.658750 0.080000 0.152500
0 0.863333 0.636250 0.110000 0.087500
0 0.958333 0.958750 0.046667 0.067500
0 0.925000 0.017500 0.133333 0.035000
5 0.856667 0.045000 0.093333 0.070000
0 0.891667 0.530000 0.080000 0.170000
5 0.889167 0.467500 0.045000 0.075000
1 0.848333 0.507500 0.053333 0.075000
1 0.348333 0.348750 0.066667 0.097500