0 0.130000 0.050000 0.213333 0.100000
0 0.242500 0.191250 0.148333 0.222500
0 0.130833 0.390000 0.125000 0.115000
0 0.303333 0.472500 0.163333 0.200000
0 0.250833 0.516250 0.108333 0.127500
0 0.278333 0.668750 0.180000 0.152500
0 0.259167 0.801250 0.165000 0.142500
0 0.135833 0.782500 0.075000 0.305000
0 0.047500 0.786250 0.088333 0.102500
0 0.433333 0.581250 0.110000 0.062500
0 0.619167 0.613750 0.195000 0.167500
0 0.575833 0.422500 0.098333 0.235000
0 0.659167 0.221250 0.055000 0.252500
0 0.744167 0.028750 0.048333 0.057500
0 0.890833 0.170000 0.168333 0.085000
0 0.831667 0.227500 0.173333 0.090000
0 0.708333 0.227500 0.096667 0.105000
0 0.833333 0.332500 0.180000 0.130000
0 0.890000 0.372500 0.160000 0.135000
0 0.955833 0.525000 0.081667 0.080000
0 0.434167 0.961250 0.091667 0.072500