0 0.137500 0.160000 0.095000 0.100000
0 0.178333 0.358750 0.086667 0.242500
0 0.249167 0.458750 0.068333 0.122500
0 0.336667 0.403750 0.110000 0.182500
0 0.535833 0.185000 0.048333 0.090000
0 0.554167 0.132500 0.085000 0.205000
0 0.671667 0.117500 0.150000 0.125000
0 0.918333 0.298750 0.050000 0.082500
0 0.633333 0.366250 0.086667 0.147500
0 0.756667 0.525000 0.170000 0.130000
0 0.972500 0.568750 0.041667 0.217500
0 0.868333 0.693750 0.100000 0.122500
0 0.582500 0.823750 0.125000 0.107500
0 0.540833 0.917500 0.081667 0.120000
0 0.173333 0.862500 0.063333 0.235000
0 0.083333 0.931250 0.083333 0.062500
0 0.299167 0.652500 0.085000 0.245000