0 0.036667 0.107500 0.060000 0.025000
0 0.019167 0.091250 0.031667 0.127500
0 0.158333 0.056250 0.090000 0.072500
0 0.170833 0.077500 0.101667 0.105000
0 0.365000 0.145000 0.066667 0.165000
0 0.460000 0.203750 0.100000 0.062500
0 0.560833 0.176250 0.088333 0.112500
0 0.512500 0.278750 0.038333 0.122500
0 0.453333 0.326250 0.056667 0.152500
0 0.323333 0.315000 0.026667 0.095000
0 0.323333 0.328750 0.090000 0.067500
0 0.287500 0.396250 0.085000 0.042500
0 0.258333 0.442500 0.076667 0.050000
0 0.085000 0.360000 0.053333 0.185000
0 0.285833 0.528750 0.061667 0.112500
0 0.215000 0.605000 0.050000 0.090000
0 0.177500 0.665000 0.105000 0.090000
0 0.070833 0.618750 0.111667 0.117500
0 0.117500 0.747500 0.028333 0.150000
0 0.052500 0.835000 0.088333 0.110000
0 0.082500 0.972500 0.048333 0.050000
0 0.166667 0.910000 0.060000 0.100000
0 0.250833 0.852500 0.121667 0.055000
0 0.285000 0.746250 0.083333 0.107500
0 0.416667 0.757500 0.103333 0.060000
0 0.420000 0.788750 0.073333 0.097500
0 0.401667 0.845000 0.110000 0.050000
0 0.450833 0.896250 0.075000 0.112500
0 0.570000 0.785000 0.103333 0.085000
0 0.546667 0.683750 0.063333 0.127500
0 0.436667 0.600000 0.133333 0.180000
0 0.626667 0.522500 0.086667 0.170000
0 0.628333 0.326250 0.076667 0.132500
0 0.742500 0.146250 0.175000 0.072500
0 0.769167 0.247500 0.161667 0.045000
0 0.802500 0.308750 0.051667 0.097500
0 0.802500 0.395000 0.141667 0.050000
0 0.705833 0.610000 0.035000 0.150000
0 0.771667 0.602500 0.040000 0.135000
0 0.815833 0.665000 0.051667 0.090000
0 0.815833 0.735000 0.051667 0.055000
0 0.787500 0.807500 0.101667 0.070000
0 0.881667 0.757500 0.043333 0.220000
0 0.783333 0.858750 0.036667 0.122500