0 0.038333 0.097500 0.060000 0.150000
0 0.287500 0.165000 0.075000 0.070000
0 0.319167 0.068750 0.088333 0.137500
0 0.385833 0.110000 0.035000 0.215000
0 0.516667 0.156250 0.173333 0.187500
0 0.264167 0.281250 0.201667 0.097500
0 0.041667 0.395000 0.080000 0.085000
0 0.108333 0.453750 0.066667 0.247500
0 0.168333 0.543750 0.060000 0.077500
0 0.234167 0.616250 0.055000 0.172500
0 0.320833 0.566250 0.081667 0.252500
0 0.590833 0.575000 0.121667 0.150000
0 0.663333 0.550000 0.133333 0.060000
0 0.702500 0.513750 0.058333 0.167500
0 0.763333 0.351250 0.126667 0.052500
0 0.733333 0.268750 0.096667 0.082500
0 0.830000 0.486250 0.040000 0.162500
0 0.822500 0.505000 0.148333 0.165000
0 0.952500 0.428750 0.085000 0.087500
0 0.929167 0.562500 0.051667 0.145000
0 0.964167 0.657500 0.068333 0.080000
0 0.898333 0.721250 0.183333 0.102500
0 0.680833 0.742500 0.168333 0.055000
0 0.050833 0.751250 0.055000 0.147500
0 0.051667 0.903750 0.100000 0.102500
0 0.547500 0.957500 0.115000 0.075000
1 0.190833 0.765000 0.058333 0.070000
1 0.160000 0.098750 0.063333 0.062500
1 0.108333 0.208750 0.076667 0.077500
1 0.409167 0.722500 0.051667 0.085000
1 0.355833 0.738750 0.055000 0.087500
1 0.320000 0.883750 0.066667 0.092500
1 0.506667 0.906250 0.060000 0.067500
1 0.792500 0.650000 0.051667 0.080000