0 0.398333 0.388750 0.130000 0.197500
0 0.267500 0.392500 0.071667 0.135000
0 0.250000 0.497500 0.130000 0.110000
0 0.130833 0.453750 0.128333 0.147500
0 0.098333 0.643750 0.116667 0.227500
0 0.278333 0.820000 0.123333 0.210000
0 0.605833 0.797500 0.108333 0.175000
0 0.835000 0.690000 0.170000 0.175000
0 0.780000 0.391250 0.226667 0.177500
0 0.591667 0.538750 0.143333 0.142500
0 0.629167 0.495000 0.065000 0.185000
0 0.473333 0.956250 0.126667 0.072500
1 0.286667 0.260000 0.060000 0.080000
1 0.969167 0.120000 0.048333 0.060000
1 0.481667 0.590000 0.050000 0.100000
1 0.529167 0.663750 0.075000 0.082500
1 0.383333 0.837500 0.046667 0.105000
4 0.700833 0.842500 0.061667 0.105000
4 0.955833 0.492500 0.061667 0.075000
1 0.537500 0.052500 0.048333 0.055000
1 0.789167 0.030000 0.071667 0.060000