0 0.632425 0.203950 0.035150 0.152550
0 0.108375 0.363275 0.122117 0.072400
0 0.802742 0.658338 0.111717 0.154175
0 0.806650 0.023850 0.121100 0.045650
0 0.861725 0.502475 0.032817 0.046100
0 0.262200 0.462250 0.031833 0.060950
0 0.430950 0.545975 0.076367 0.148700
0 0.549217 0.087450 0.028133 0.177200
0 0.292683 0.674225 0.080667 0.097400
0 0.722275 0.524238 0.102350 0.057825
0 0.875383 0.309825 0.028900 0.187100
0 0.692975 0.765638 0.018750 0.060425
0 0.532225 0.411075 0.067583 0.201300
0 0.617183 0.219400 0.066400 0.185150
0 0.266608 0.860938 0.089850 0.110425
0 0.635833 0.691250 0.051667 0.227500
0 0.848333 0.943750 0.056667 0.052500
1 0.495833 0.645000 0.041667 0.090000