0 0.390000 0.061250 0.153333 0.082500
0 0.599167 0.060000 0.055000 0.120000
0 0.620000 0.346250 0.170000 0.152500
0 0.763333 0.335000 0.096667 0.140000
0 0.830833 0.296250 0.071667 0.187500
0 0.930000 0.410000 0.113333 0.060000
0 0.968333 0.660000 0.060000 0.160000
0 0.802500 0.776250 0.075000 0.212500
0 0.626667 0.590000 0.166667 0.110000
0 0.225833 0.156250 0.141667 0.092500
0 0.250833 0.272500 0.138333 0.085000
0 0.324167 0.872500 0.115000 0.165000
0 0.057500 0.898750 0.085000 0.177500
1 0.345000 0.355000 0.073333 0.085000
0 0.935000 0.040000 0.126667 0.040000
5 0.848333 0.045000 0.073333 0.070000
1 0.920833 0.762500 0.038333 0.065000
5 0.894167 0.466250 0.055000 0.072500
1 0.849167 0.503750 0.045000 0.067500