0 0.061667 0.078750 0.116667 0.152500
0 0.257500 0.076250 0.065000 0.112500
0 0.210000 0.200000 0.183333 0.040000
0 0.375000 0.206250 0.060000 0.152500
0 0.426667 0.193750 0.110000 0.092500
0 0.396667 0.095000 0.130000 0.050000
0 0.376667 0.068750 0.076667 0.082500
0 0.521667 0.031250 0.126667 0.062500
0 0.477500 0.113750 0.078333 0.127500
0 0.501667 0.280000 0.046667 0.100000
0 0.437500 0.285000 0.135000 0.070000
0 0.558333 0.078750 0.126667 0.122500
0 0.706667 0.076250 0.070000 0.067500
0 0.644167 0.071250 0.101667 0.082500
0 0.896667 0.172500 0.156667 0.095000
0 0.940833 0.188750 0.111667 0.037500
0 0.790833 0.208750 0.131667 0.047500
0 0.812500 0.263750 0.118333 0.102500
0 0.881667 0.248750 0.073333 0.047500
0 0.924167 0.283750 0.098333 0.052500
0 0.919167 0.326250 0.145000 0.077500
0 0.622500 0.297500 0.118333 0.060000
0 0.677500 0.356250 0.095000 0.087500
0 0.795000 0.420000 0.140000 0.080000
0 0.880000 0.440000 0.126667 0.060000
0 0.915833 0.571250 0.165000 0.107500
0 0.399167 0.348750 0.125000 0.062500
0 0.239167 0.307500 0.141667 0.115000
0 0.050000 0.330000 0.093333 0.060000
0 0.025000 0.316250 0.046667 0.042500
0 0.133333 0.417500 0.116667 0.070000
0 0.148333 0.463750 0.113333 0.077500
0 0.252500 0.635000 0.131667 0.095000
0 0.463333 0.492500 0.103333 0.105000
0 0.550833 0.591250 0.165000 0.082500
0 0.729167 0.621250 0.131667 0.092500
0 0.528333 0.687500 0.203333 0.085000
0 0.570833 0.807500 0.198333 0.115000
0 0.820000 0.802500 0.146667 0.140000
0 0.810000 0.862500 0.070000 0.055000
0 0.065000 0.748750 0.126667 0.082500
0 0.111667 0.653750 0.133333 0.062500
0 0.041667 0.812500 0.080000 0.040000
0 0.019167 0.945000 0.035000 0.075000