0 0.188333 0.136250 0.110000 0.192500
0 0.043333 0.107500 0.073333 0.215000
0 0.061667 0.322500 0.096667 0.135000
0 0.214167 0.690000 0.111667 0.095000
0 0.360833 0.697500 0.091667 0.195000
0 0.300833 0.508750 0.101667 0.162500
0 0.320833 0.301250 0.118333 0.142500
0 0.369167 0.311250 0.085000 0.137500
0 0.490000 0.307500 0.136667 0.115000
0 0.599167 0.138750 0.081667 0.172500
0 0.663333 0.216250 0.053333 0.227500
0 0.520833 0.437500 0.111667 0.090000
0 0.525833 0.610000 0.118333 0.140000
0 0.700833 0.672500 0.155000 0.140000
0 0.879167 0.680000 0.111667 0.180000
0 0.864167 0.596250 0.091667 0.147500
0 0.970833 0.866250 0.051667 0.232500
0 0.702500 0.952500 0.165000 0.075000
0 0.853333 0.325000 0.126667 0.095000
0 0.721667 0.245000 0.070000 0.230000
1 0.676667 0.425000 0.056667 0.070000
1 0.162500 0.571250 0.048333 0.077500
5 0.399167 0.070000 0.098333 0.080000