0 0.292500 0.038750 0.101667 0.062500
0 0.207500 0.152500 0.121667 0.080000
0 0.305833 0.202500 0.098333 0.095000
0 0.360000 0.107500 0.060000 0.085000
0 0.414167 0.020000 0.088333 0.040000
0 0.487500 0.066250 0.068333 0.112500
0 0.477500 0.167500 0.045000 0.085000
0 0.460833 0.258750 0.065000 0.112500
0 0.452500 0.387500 0.038333 0.130000
0 0.345000 0.367500 0.123333 0.135000
0 0.369167 0.503750 0.091667 0.167500
0 0.193333 0.436250 0.110000 0.072500
0 0.135833 0.386250 0.065000 0.077500
0 0.087500 0.633750 0.115000 0.127500
0 0.256667 0.642500 0.080000 0.100000
0 0.310000 0.692500 0.036667 0.140000
0 0.200833 0.872500 0.061667 0.180000
0 0.151667 0.865000 0.090000 0.070000
0 0.123333 0.780000 0.070000 0.095000
0 0.405000 0.826250 0.056667 0.087500
0 0.383333 0.737500 0.033333 0.120000
0 0.432500 0.623750 0.088333 0.132500
0 0.435000 0.688750 0.076667 0.067500
0 0.497500 0.693750 0.091667 0.072500
0 0.488333 0.616250 0.036667 0.117500
0 0.544167 0.611250 0.105000 0.072500
0 0.654167 0.612500 0.071667 0.090000
0 0.587500 0.807500 0.065000 0.125000
0 0.413333 0.917500 0.080000 0.135000
0 0.700000 0.777500 0.093333 0.075000
0 0.771667 0.855000 0.136667 0.070000
0 0.790833 0.903750 0.058333 0.107500
0 0.883333 0.832500 0.086667 0.205000
0 0.857500 0.808750 0.068333 0.132500
0 0.881667 0.462500 0.053333 0.135000
0 0.784167 0.465000 0.095000 0.050000
0 0.735833 0.521250 0.061667 0.132500
0 0.811667 0.420000 0.060000 0.095000
0 0.760000 0.378750 0.130000 0.072500
0 0.682500 0.371250 0.071667 0.102500
0 0.763333 0.275000 0.160000 0.030000
0 0.886667 0.168750 0.046667 0.122500
0 0.955000 0.341250 0.073333 0.167500