0 0.089167 0.277500 0.071667 0.105000
0 0.077500 0.381250 0.148333 0.127500
0 0.062500 0.402500 0.115000 0.075000
0 0.153333 0.411250 0.120000 0.102500
0 0.146667 0.643750 0.153333 0.102500
0 0.532500 0.506250 0.131667 0.097500
0 0.620833 0.543750 0.125000 0.132500
0 0.575833 0.413750 0.108333 0.152500
0 0.644167 0.266250 0.051667 0.107500
0 0.681667 0.343750 0.070000 0.152500
0 0.609167 0.075000 0.158333 0.110000
0 0.930000 0.062500 0.133333 0.105000
0 0.946667 0.137500 0.100000 0.075000
0 0.910833 0.558750 0.051667 0.202500
0 0.866667 0.552500 0.060000 0.245000
0 0.422500 0.792500 0.095000 0.185000
0 0.508333 0.951250 0.050000 0.082500
0 0.571667 0.923750 0.066667 0.112500
0 0.645833 0.805000 0.105000 0.130000
0 0.753333 0.931250 0.133333 0.122500
0 0.905000 0.855000 0.136667 0.130000
0 0.941667 0.881250 0.113333 0.172500
1 0.443333 0.205000 0.053333 0.090000
1 0.447500 0.141250 0.048333 0.062500
1 0.494167 0.211250 0.045000 0.082500
1 0.314167 0.393750 0.048333 0.107500
0 0.195833 0.793750 0.058333 0.082500
1 0.605000 0.745000 0.050000 0.085000
0 0.705000 0.866250 0.150000 0.167500
1 0.750833 0.950000 0.068333 0.060000
1 0.814167 0.520000 0.048333 0.085000
4 0.070833 0.777500 0.101667 0.175000
1 0.499167 0.406250 0.068333 0.087500
1 0.620833 0.455000 0.045000 0.075000
1 0.981667 0.698750 0.033333 0.057500
0 0.136667 0.092500 0.080000 0.095000