0 0.050000 0.035000 0.040000 0.070000
0 0.175833 0.048750 0.111667 0.077500
0 0.226667 0.155000 0.096667 0.130000
0 0.341667 0.121250 0.070000 0.137500
0 0.086667 0.267500 0.046667 0.180000
0 0.320833 0.323750 0.088333 0.112500
0 0.444167 0.230000 0.088333 0.055000
0 0.504167 0.190000 0.061667 0.140000
0 0.563333 0.187500 0.043333 0.145000
0 0.448333 0.035000 0.116667 0.050000
0 0.640000 0.172500 0.060000 0.165000
0 0.727500 0.136250 0.135000 0.057500
0 0.829167 0.200000 0.078333 0.100000
0 0.753333 0.260000 0.103333 0.060000
0 0.656667 0.311250 0.086667 0.127500
0 0.450000 0.377500 0.053333 0.220000
0 0.802500 0.406250 0.111667 0.117500
0 0.637500 0.546250 0.078333 0.147500
0 0.437500 0.618750 0.115000 0.147500
0 0.168333 0.462500 0.103333 0.110000
0 0.226667 0.498750 0.086667 0.102500
0 0.295833 0.613750 0.045000 0.127500
0 0.250000 0.685000 0.066667 0.070000
0 0.156667 0.635000 0.133333 0.065000
0 0.075000 0.617500 0.103333 0.085000
0 0.114167 0.760000 0.075000 0.150000
0 0.053333 0.840000 0.073333 0.095000
0 0.325000 0.868750 0.133333 0.057500
0 0.214167 0.966250 0.041667 0.052500
0 0.361667 0.731250 0.103333 0.092500
0 0.512500 0.721250 0.101667 0.067500
0 0.696667 0.697500 0.076667 0.145000
0 0.757500 0.705000 0.095000 0.090000
0 0.804167 0.718750 0.075000 0.047500
0 0.758333 0.863750 0.090000 0.172500
0 0.873333 0.761250 0.086667 0.227500
0 0.826667 0.847500 0.056667 0.070000
0 0.949167 0.692500 0.081667 0.165000
0 0.974167 0.525000 0.048333 0.160000
0 0.518333 0.882500 0.070000 0.100000
0 0.447500 0.887500 0.075000 0.105000
0 0.466667 0.811250 0.073333 0.057500