0 0.038333 0.078750 0.073333 0.117500
0 0.185000 0.230000 0.143333 0.160000
0 0.249167 0.055000 0.051667 0.110000
0 0.322500 0.162500 0.138333 0.100000
0 0.441667 0.248750 0.036667 0.172500
0 0.494167 0.228750 0.071667 0.157500
0 0.476667 0.361250 0.060000 0.142500
0 0.878333 0.356250 0.163333 0.232500
0 0.921667 0.418750 0.066667 0.242500
0 0.945000 0.572500 0.106667 0.080000
0 0.326667 0.410000 0.083333 0.200000
0 0.369167 0.367500 0.085000 0.155000
0 0.133333 0.408750 0.173333 0.092500
0 0.041667 0.502500 0.080000 0.095000
0 0.521667 0.561250 0.116667 0.107500
0 0.560000 0.661250 0.113333 0.142500
0 0.706667 0.727500 0.116667 0.175000
0 0.466667 0.853750 0.066667 0.107500
0 0.450833 0.891250 0.158333 0.122500
0 0.788333 0.135000 0.070000 0.050000
0 0.962500 0.118750 0.068333 0.047500
1 0.549167 0.192500 0.051667 0.070000
1 0.715833 0.287500 0.071667 0.095000
1 0.867500 0.522500 0.048333 0.075000
1 0.317500 0.518750 0.041667 0.037500
1 0.023333 0.648750 0.043333 0.077500
1 0.195833 0.737500 0.048333 0.075000
1 0.350000 0.742500 0.070000 0.105000
1 0.445000 0.553750 0.063333 0.072500
1 0.482500 0.590000 0.065000 0.060000
1 0.565000 0.730000 0.060000 0.065000
0 0.425000 0.733750 0.096667 0.102500
1 0.819167 0.897500 0.048333 0.070000
1 0.615833 0.392500 0.051667 0.080000
1 0.183333 0.056250 0.066667 0.087500
1 0.514167 0.030000 0.048333 0.050000
0 0.594167 0.955000 0.071667 0.085000