0 0.405833 0.067500 0.221667 0.115000
0 0.243333 0.265000 0.163333 0.110000
0 0.048333 0.186250 0.093333 0.197500
0 0.256667 0.447500 0.136667 0.185000
0 0.381667 0.535000 0.096667 0.215000
0 0.087500 0.571250 0.105000 0.087500
0 0.200000 0.657500 0.136667 0.095000
0 0.598333 0.358750 0.180000 0.162500
0 0.743333 0.345000 0.096667 0.115000
0 0.819167 0.297500 0.075000 0.190000
0 0.750000 0.127500 0.123333 0.155000
0 0.947500 0.422500 0.031667 0.165000
0 0.835000 0.642500 0.160000 0.115000
0 0.955833 0.660000 0.081667 0.160000
0 0.792500 0.795000 0.058333 0.170000
0 0.924167 0.015000 0.138333 0.030000
5 0.855000 0.043750 0.080000 0.077500
5 0.890833 0.470000 0.055000 0.090000
1 0.855000 0.503750 0.050000 0.067500
1 0.344167 0.357500 0.058333 0.065000
1 0.905833 0.756250 0.048333 0.072500