0 0.171667 0.110000 0.100000 0.140000
0 0.193333 0.031250 0.060000 0.062500
0 0.067500 0.338750 0.135000 0.172500
0 0.150000 0.440000 0.096667 0.170000
0 0.193333 0.468750 0.063333 0.097500
0 0.162500 0.580000 0.161667 0.060000
0 0.276667 0.465000 0.126667 0.240000
0 0.384167 0.180000 0.121667 0.140000
0 0.375833 0.242500 0.131667 0.165000
0 0.494167 0.116250 0.091667 0.222500
0 0.478333 0.251250 0.060000 0.102500
0 0.536667 0.197500 0.063333 0.115000
0 0.477500 0.301250 0.048333 0.097500
0 0.555833 0.338750 0.035000 0.127500
0 0.790833 0.355000 0.121667 0.170000
0 0.670833 0.130000 0.071667 0.165000
0 0.777500 0.081250 0.171667 0.157500
0 0.756667 0.048750 0.063333 0.082500
0 0.923333 0.080000 0.060000 0.160000
0 0.924167 0.180000 0.135000 0.035000
0 0.938333 0.252500 0.040000 0.200000
0 0.950000 0.498750 0.093333 0.062500
0 0.961667 0.588750 0.066667 0.097500
0 0.932500 0.781250 0.125000 0.182500
0 0.903333 0.907500 0.130000 0.140000
0 0.986667 0.952500 0.023333 0.070000
0 0.666667 0.885000 0.143333 0.115000
0 0.552500 0.766250 0.108333 0.147500
0 0.529167 0.668750 0.098333 0.237500
0 0.589167 0.511250 0.191667 0.107500
0 0.532500 0.635000 0.221667 0.040000
0 0.460000 0.495000 0.093333 0.110000
0 0.222500 0.780000 0.141667 0.185000
0 0.285833 0.783750 0.198333 0.112500
0 0.060833 0.932500 0.111667 0.110000
0 0.220833 0.188750 0.128333 0.057500