0 0.781258 0.615100 0.084383 0.125000
0 0.929692 0.700537 0.084383 0.216675
0 0.052242 0.842200 0.049417 0.075000
0 0.817767 0.131000 0.119133 0.069800
0 0.786717 0.444400 0.053133 0.198700
0 0.176667 0.293750 0.100000 0.247500
0 0.060000 0.315000 0.116667 0.065000
0 0.035000 0.400000 0.066667 0.160000
0 0.025000 0.515000 0.046667 0.070000
0 0.160000 0.555000 0.093333 0.210000
0 0.262500 0.535000 0.161667 0.070000
0 0.379167 0.700000 0.158333 0.085000
0 0.383333 0.567500 0.106667 0.115000
0 0.442500 0.213750 0.041667 0.197500
0 0.492500 0.290000 0.071667 0.100000
0 0.550000 0.360000 0.143333 0.060000
0 0.540000 0.386250 0.053333 0.187500
0 0.725833 0.218750 0.061667 0.102500
0 0.578333 0.061250 0.060000 0.102500
0 0.886667 0.027500 0.073333 0.055000
0 0.088333 0.146250 0.143333 0.052500
0 0.040000 0.080000 0.066667 0.130000
0 0.248333 0.903750 0.050000 0.172500
0 0.367500 0.876250 0.131667 0.207500
0 0.081667 0.831250 0.063333 0.092500
0 0.484167 0.633750 0.071667 0.072500
0 0.441667 0.463750 0.060000 0.212500
1 0.630833 0.583750 0.071667 0.092500
1 0.780833 0.245000 0.051667 0.055000