0 0.129167 0.271250 0.128333 0.142500
0 0.237500 0.157500 0.081667 0.215000
0 0.306667 0.175000 0.060000 0.110000
0 0.370000 0.165000 0.100000 0.145000
0 0.444167 0.212500 0.118333 0.135000
0 0.524167 0.155000 0.105000 0.105000
0 0.479167 0.053750 0.061667 0.107500
0 0.560000 0.095000 0.073333 0.150000
0 0.815000 0.265000 0.106667 0.130000
0 0.791667 0.378750 0.076667 0.152500
0 0.671667 0.225000 0.073333 0.220000
0 0.601667 0.378750 0.073333 0.067500
0 0.550000 0.367500 0.120000 0.140000
0 0.492500 0.362500 0.058333 0.080000
0 0.347500 0.446250 0.081667 0.087500
0 0.276667 0.485000 0.100000 0.090000
0 0.088333 0.495000 0.116667 0.130000
0 0.284167 0.612500 0.101667 0.120000
0 0.395000 0.611250 0.066667 0.182500
0 0.410833 0.548750 0.051667 0.102500
0 0.521667 0.701250 0.093333 0.137500
0 0.609167 0.595000 0.105000 0.085000
0 0.694167 0.616250 0.068333 0.207500
0 0.847500 0.820000 0.205000 0.065000
0 0.921667 0.167500 0.120000 0.125000
0 0.975000 0.270000 0.046667 0.070000
0 0.941667 0.535000 0.056667 0.195000
0 0.904167 0.592500 0.041667 0.155000
0 0.929167 0.958750 0.095000 0.077500
0 0.700833 0.886250 0.068333 0.152500
0 0.612500 0.967500 0.125000 0.055000
0 0.581667 0.891250 0.146667 0.092500
0 0.380000 0.763750 0.043333 0.132500
0 0.302500 0.741250 0.081667 0.067500
0 0.294167 0.796250 0.051667 0.087500
0 0.192500 0.832500 0.085000 0.090000
0 0.132500 0.827500 0.048333 0.100000
0 0.418333 0.693750 0.053333 0.157500