0 0.337500 0.220000 0.065000 0.160000
0 0.285000 0.098750 0.150000 0.142500
0 0.597500 0.138750 0.138333 0.137500
0 0.250833 0.531250 0.138333 0.107500
0 0.260833 0.280000 0.041667 0.220000
5 0.274167 0.228750 0.025000 0.057500
0 0.465833 0.465000 0.048333 0.210000
0 0.677500 0.320000 0.185000 0.100000
0 0.739167 0.417500 0.155000 0.045000
1 0.876667 0.411250 0.033333 0.042500
0 0.184167 0.837500 0.135000 0.110000
0 0.031667 0.660000 0.060000 0.070000
1 0.121667 0.750000 0.053333 0.060000
0 0.620833 0.813750 0.141667 0.097500
0 0.644167 0.645000 0.085000 0.150000
0 0.822500 0.911250 0.078333 0.172500
0 0.916667 0.718750 0.096667 0.122500
0 0.479167 0.253750 0.071667 0.082500