0 0.251667 0.065000 0.056667 0.125000
0 0.197500 0.140000 0.091667 0.100000
0 0.121667 0.137500 0.080000 0.095000
0 0.140000 0.128750 0.046667 0.152500
0 0.063333 0.183750 0.080000 0.132500
0 0.156667 0.267500 0.160000 0.115000
0 0.092500 0.376250 0.095000 0.087500
0 0.205000 0.485000 0.113333 0.130000
0 0.118333 0.573750 0.023333 0.172500
0 0.030000 0.465000 0.056667 0.110000
0 0.020000 0.566250 0.036667 0.047500
0 0.010000 0.707500 0.016667 0.160000
0 0.017500 0.755000 0.031667 0.110000
0 0.136667 0.791250 0.133333 0.097500
0 0.233333 0.625000 0.100000 0.105000
0 0.371667 0.691250 0.110000 0.057500
0 0.405000 0.625000 0.033333 0.150000
0 0.320833 0.628750 0.088333 0.107500
0 0.521667 0.563750 0.100000 0.087500
0 0.305833 0.297500 0.091667 0.190000
0 0.258333 0.240000 0.063333 0.220000
0 0.396667 0.196250 0.100000 0.082500
0 0.358333 0.137500 0.103333 0.065000
0 0.499167 0.086250 0.128333 0.092500
0 0.592500 0.055000 0.048333 0.090000
0 0.517500 0.250000 0.045000 0.155000
0 0.487500 0.218750 0.071667 0.127500
0 0.843333 0.125000 0.100000 0.110000
0 0.941667 0.143750 0.080000 0.067500
0 0.876667 0.021250 0.030000 0.042500
0 0.605833 0.545000 0.078333 0.130000
0 0.656667 0.443750 0.103333 0.187500
0 0.838333 0.616250 0.120000 0.177500
0 0.772500 0.686250 0.055000 0.127500
0 0.676667 0.698750 0.116667 0.102500
0 0.798333 0.833750 0.146667 0.092500
0 0.968333 0.775000 0.060000 0.130000
0 0.601667 0.858750 0.133333 0.062500
0 0.545833 0.730000 0.071667 0.160000
0 0.534167 0.823750 0.095000 0.057500
0 0.456667 0.788750 0.066667 0.117500
0 0.399167 0.940000 0.031667 0.115000
0 0.287500 0.886250 0.078333 0.137500
0 0.535833 0.956250 0.148333 0.072500
0 0.674167 0.957500 0.085000 0.075000
0 0.822500 0.938750 0.091667 0.117500
0 0.958333 0.957500 0.066667 0.070000