0 0.395000 0.127500 0.153333 0.145000
0 0.698333 0.328750 0.106667 0.152500
0 0.679167 0.365000 0.171667 0.110000
0 0.539167 0.472500 0.158333 0.125000
0 0.670833 0.551250 0.061667 0.222500
0 0.779167 0.496250 0.148333 0.137500
0 0.181667 0.378750 0.183333 0.167500
0 0.190000 0.356250 0.150000 0.042500
0 0.170000 0.360000 0.063333 0.120000
0 0.052500 0.196250 0.075000 0.217500
0 0.031667 0.331250 0.063333 0.197500
0 0.050833 0.493750 0.095000 0.072500
0 0.038333 0.488750 0.073333 0.057500
0 0.176667 0.093750 0.026667 0.052500
0 0.944167 0.668750 0.078333 0.162500
0 0.878333 0.850000 0.146667 0.120000
0 0.973333 0.833750 0.050000 0.067500
0 0.967500 0.515000 0.061667 0.190000
0 0.689167 0.888750 0.058333 0.152500
0 0.627500 0.921250 0.055000 0.152500
0 0.400833 0.825000 0.108333 0.130000
0 0.150000 0.836250 0.076667 0.197500
0 0.228333 0.953750 0.073333 0.087500
0 0.574167 0.772500 0.121667 0.065000
1 0.809167 0.933750 0.045000 0.062500
1 0.658333 0.710000 0.046667 0.070000
1 0.320833 0.406250 0.045000 0.072500
4 0.235000 0.650000 0.086667 0.150000
1 0.042500 0.657500 0.048333 0.050000
1 0.540000 0.930000 0.050000 0.060000
1 0.601667 0.115000 0.046667 0.070000
1 0.596667 0.051250 0.063333 0.067500