1 0.373433 0.550387 0.064067 0.059625
1 0.151708 0.594537 0.030950 0.039075
0 0.205000 0.130000 0.090000 0.220000
0 0.095833 0.193750 0.091667 0.112500
0 0.053333 0.337500 0.080000 0.195000
0 0.304167 0.323750 0.108333 0.167500
0 0.385000 0.386250 0.133333 0.122500
0 0.665000 0.186250 0.040000 0.227500
0 0.663333 0.452500 0.053333 0.055000
0 0.711667 0.277500 0.083333 0.260000
0 0.885000 0.357500 0.103333 0.210000
0 0.915833 0.218750 0.071667 0.152500
5 0.392500 0.065000 0.088333 0.075000
0 0.257500 0.543750 0.118333 0.132500
0 0.208333 0.695000 0.106667 0.090000
0 0.191667 0.841250 0.076667 0.127500
0 0.285833 0.922500 0.115000 0.105000
0 0.350833 0.706250 0.065000 0.202500
0 0.414167 0.816250 0.131667 0.067500
0 0.487500 0.641250 0.071667 0.182500
0 0.672500 0.622500 0.125000 0.085000
0 0.698333 0.700000 0.136667 0.100000
0 0.883333 0.761250 0.093333 0.192500
0 0.219167 0.907500 0.051667 0.145000
0 0.170833 0.951250 0.055000 0.092500
3 0.055833 0.540000 0.021667 0.045000
5 0.432500 0.497500 0.061667 0.065000