0 0.290000 0.015000 0.033333 0.030000
0 0.546667 0.023750 0.040000 0.047500
0 0.669167 0.138750 0.101667 0.052500
0 0.726667 0.238750 0.093333 0.087500
0 0.665833 0.402500 0.058333 0.230000
0 0.589167 0.348750 0.078333 0.067500
0 0.565833 0.391250 0.058333 0.057500
0 0.454167 0.337500 0.121667 0.120000
0 0.244167 0.246250 0.085000 0.132500
0 0.127500 0.368750 0.128333 0.067500
0 0.205833 0.431250 0.031667 0.052500
0 0.200000 0.495000 0.103333 0.040000
0 0.222500 0.565000 0.111667 0.060000
0 0.093333 0.463750 0.053333 0.072500
0 0.046667 0.496250 0.070000 0.047500
0 0.085833 0.611250 0.091667 0.037500
0 0.182500 0.707500 0.058333 0.140000
0 0.315833 0.675000 0.071667 0.130000
0 0.353333 0.793750 0.056667 0.107500
0 0.398333 0.880000 0.096667 0.060000
0 0.520833 0.855000 0.098333 0.140000
0 0.629167 0.762500 0.058333 0.045000
0 0.644167 0.806250 0.055000 0.057500
0 0.829167 0.746250 0.081667 0.092500
0 0.496667 0.572500 0.096667 0.085000
0 0.536667 0.478750 0.050000 0.122500
0 0.965833 0.890000 0.065000 0.100000
0 0.928333 0.862500 0.050000 0.095000
0 0.173333 0.863750 0.120000 0.092500
0 0.067500 0.827500 0.068333 0.185000