0 0.125000 0.136250 0.116667 0.167500
0 0.064167 0.142500 0.055000 0.155000
0 0.629167 0.083750 0.138333 0.057500
0 0.576667 0.038750 0.183333 0.057500
1 0.665833 0.147500 0.068333 0.070000
1 0.892500 0.163750 0.031667 0.082500
0 0.092500 0.743750 0.095000 0.092500
0 0.216667 0.952500 0.086667 0.065000
0 0.565000 0.642500 0.116667 0.145000
0 0.420000 0.511250 0.056667 0.117500
0 0.801667 0.493750 0.106667 0.182500
0 0.945833 0.335000 0.055000 0.130000
1 0.844167 0.692500 0.071667 0.090000
1 0.693333 0.955000 0.040000 0.070000
3 0.647500 0.756250 0.025000 0.042500
3 0.469167 0.890000 0.025000 0.045000
3 0.415000 0.665000 0.030000 0.050000