0 0.238333 0.108750 0.203333 0.162500
0 0.460000 0.220000 0.160000 0.200000
0 0.290000 0.378750 0.140000 0.147500
0 0.339167 0.351250 0.095000 0.077500
0 0.465000 0.355000 0.070000 0.135000
0 0.749167 0.387500 0.128333 0.125000
0 0.864167 0.047500 0.165000 0.080000
0 0.745000 0.065000 0.083333 0.130000
0 0.172500 0.502500 0.085000 0.340000
0 0.110833 0.548750 0.085000 0.107500
0 0.142500 0.393750 0.131667 0.147500
0 0.163333 0.790000 0.100000 0.200000
0 0.070000 0.893750 0.093333 0.112500
0 0.360833 0.716250 0.198333 0.297500
0 0.358333 0.765000 0.106667 0.290000
0 0.650000 0.691250 0.140000 0.177500
0 0.671667 0.885000 0.113333 0.200000
0 0.453333 0.952500 0.213333 0.090000
0 0.850000 0.841250 0.086667 0.297500
0 0.927500 0.688750 0.141667 0.082500
0 0.926667 0.652500 0.093333 0.145000
1 0.316667 0.213750 0.076667 0.087500
1 0.549167 0.046250 0.061667 0.067500
1 0.975000 0.105000 0.036667 0.110000
1 0.936667 0.090000 0.043333 0.085000
1 0.569167 0.442500 0.065000 0.120000
1 0.535833 0.621250 0.071667 0.102500
4 0.725833 0.798750 0.105000 0.122500
1 0.420000 0.750000 0.056667 0.100000
1 0.892500 0.896250 0.065000 0.092500