0 0.085833 0.338750 0.128333 0.117500
0 0.253333 0.246250 0.153333 0.092500
0 0.385833 0.280000 0.171667 0.080000
0 0.455833 0.180000 0.065000 0.140000
0 0.587500 0.146250 0.078333 0.257500
0 0.977500 0.156250 0.041667 0.087500
0 0.959167 0.383750 0.048333 0.267500
0 0.792500 0.502500 0.165000 0.120000
0 0.050833 0.760000 0.098333 0.150000
0 0.046667 0.797500 0.066667 0.115000
0 0.448333 0.871250 0.066667 0.167500
0 0.595000 0.687500 0.083333 0.115000
0 0.747500 0.825000 0.125000 0.165000
0 0.934167 0.706250 0.128333 0.107500
0 0.423333 0.552500 0.123333 0.130000
1 0.096667 0.550000 0.066667 0.080000
1 0.025833 0.200000 0.048333 0.100000
1 0.267500 0.628750 0.058333 0.062500
1 0.398333 0.678750 0.083333 0.097500
1 0.510833 0.460000 0.055000 0.080000
1 0.533333 0.521250 0.073333 0.067500
1 0.650000 0.620000 0.066667 0.070000
1 0.679167 0.343750 0.085000 0.072500
1 0.936667 0.437500 0.053333 0.085000
0 0.525833 0.850000 0.151667 0.200000
0 0.758333 0.705000 0.053333 0.190000
1 0.913333 0.792500 0.056667 0.060000