0 0.119167 0.115000 0.058333 0.210000
1 0.053333 0.255000 0.043333 0.070000
0 0.327500 0.528750 0.095000 0.197500
0 0.345000 0.533750 0.066667 0.107500
0 0.440833 0.205000 0.135000 0.090000
0 0.559167 0.163750 0.108333 0.207500
0 0.670000 0.635000 0.143333 0.130000
0 0.844167 0.831250 0.065000 0.237500
0 0.912500 0.900000 0.071667 0.100000
0 0.461667 0.748750 0.120000 0.222500
0 0.063333 0.728750 0.123333 0.152500
0 0.061667 0.856250 0.066667 0.127500
0 0.050000 0.575000 0.086667 0.135000
1 0.105833 0.150000 0.048333 0.060000
1 0.715000 0.070000 0.053333 0.065000