0 0.103050 0.610162 0.078667 0.224475
0 0.541400 0.870587 0.073433 0.145325
0 0.831642 0.683075 0.077350 0.123450
0 0.621683 0.489200 0.029300 0.103900
0 0.041700 0.624487 0.081067 0.077075
0 0.844142 0.693500 0.047650 0.103650
0 0.618750 0.945850 0.039067 0.094800
0 0.294933 0.859625 0.090633 0.227600
0 0.387700 0.503387 0.041800 0.107825
0 0.142183 0.439713 0.065433 0.065375
0 0.805658 0.909625 0.057417 0.165100
0 0.405467 0.373037 0.103900 0.170575
0 0.237508 0.383975 0.032817 0.036200
0 0.699225 0.643500 0.059383 0.090100
0 0.262992 0.472775 0.100583 0.119000
0 0.353708 0.911975 0.046483 0.144800
0 0.802500 0.378750 0.231667 0.147500
1 0.290833 0.253750 0.071667 0.092500
1 0.387500 0.826250 0.055000 0.092500
1 0.495833 0.582500 0.061667 0.100000
1 0.970833 0.122500 0.041667 0.060000
1 0.930000 0.107500 0.046667 0.050000
4 0.750000 0.467500 0.046667 0.085000
4 0.705833 0.827500 0.058333 0.115000
1 0.858333 0.962500 0.053333 0.070000
4 0.526667 0.666250 0.070000 0.072500
1 0.540000 0.051250 0.063333 0.057500