5 0.180667 0.392975 0.032233 0.054700
0 0.358333 0.328750 0.123333 0.142500
0 0.590000 0.191250 0.123333 0.107500
0 0.851667 0.390000 0.103333 0.310000
0 0.864167 0.715000 0.071667 0.160000
0 0.791667 0.671250 0.103333 0.167500
0 0.660833 0.801250 0.135000 0.092500
0 0.877500 0.941250 0.071667 0.102500
0 0.474167 0.748750 0.085000 0.097500
0 0.203333 0.593750 0.103333 0.212500
0 0.095000 0.766250 0.146667 0.082500
0 0.129167 0.756250 0.091667 0.172500
0 0.038333 0.588750 0.073333 0.172500
0 0.328333 0.040000 0.066667 0.075000