0 0.105833 0.316250 0.141667 0.107500
0 0.334167 0.247500 0.091667 0.215000
0 0.446667 0.231250 0.080000 0.117500
0 0.565833 0.173750 0.095000 0.192500
0 0.678333 0.247500 0.110000 0.145000
0 0.887500 0.210000 0.158333 0.160000
0 0.855833 0.045000 0.061667 0.090000
0 0.747500 0.560000 0.135000 0.120000
0 0.640000 0.705000 0.086667 0.150000
0 0.376667 0.437500 0.046667 0.175000
0 0.333333 0.441250 0.036667 0.102500
0 0.281667 0.353750 0.120000 0.062500
0 0.363333 0.827500 0.106667 0.180000
0 0.456667 0.778750 0.080000 0.092500
0 0.518333 0.873750 0.100000 0.082500
0 0.620000 0.880000 0.116667 0.045000
0 0.761667 0.897500 0.143333 0.075000
0 0.774167 0.961250 0.055000 0.072500
0 0.930000 0.877500 0.136667 0.080000
1 0.017500 0.847500 0.035000 0.065000
1 0.858333 0.790000 0.040000 0.055000