0 0.200833 0.135000 0.091667 0.210000
0 0.145833 0.250000 0.128333 0.160000
0 0.036667 0.337500 0.066667 0.200000
0 0.300000 0.316250 0.123333 0.177500
0 0.452500 0.346250 0.128333 0.117500
0 0.708333 0.258750 0.110000 0.252500
0 0.901667 0.382500 0.083333 0.175000
0 0.911667 0.091250 0.076667 0.107500
0 0.904167 0.215000 0.051667 0.185000
0 0.735833 0.610000 0.131667 0.060000
0 0.697500 0.695000 0.141667 0.130000
0 0.506667 0.632500 0.113333 0.170000
0 0.281667 0.527500 0.090000 0.135000
0 0.214167 0.687500 0.098333 0.075000
0 0.223333 0.806250 0.080000 0.207500
0 0.246667 0.877500 0.113333 0.060000
0 0.346667 0.726250 0.063333 0.237500
0 0.483333 0.821250 0.143333 0.072500
0 0.455833 0.912500 0.038333 0.155000
0 0.895000 0.776250 0.090000 0.187500
0 0.810000 0.733750 0.080000 0.142500
5 0.396667 0.075000 0.093333 0.055000
5 0.435000 0.500000 0.060000 0.080000
1 0.384167 0.540000 0.051667 0.080000