0 0.521667 0.045000 0.066667 0.090000
0 0.650000 0.118750 0.136667 0.092500
0 0.840000 0.072500 0.146667 0.105000
0 0.760000 0.303750 0.080000 0.132500
0 0.674167 0.410000 0.051667 0.230000
0 0.575833 0.356250 0.125000 0.107500
0 0.475000 0.343750 0.106667 0.067500
0 0.405833 0.440000 0.115000 0.120000
0 0.233333 0.246250 0.113333 0.192500
0 0.334167 0.500000 0.055000 0.110000
0 0.276667 0.510000 0.043333 0.060000
0 0.256667 0.577500 0.043333 0.095000
0 0.212500 0.467500 0.068333 0.065000
0 0.066667 0.498750 0.066667 0.137500
0 0.056667 0.401250 0.083333 0.077500
0 0.045833 0.383750 0.065000 0.072500
0 0.180000 0.725000 0.080000 0.070000
0 0.075000 0.802500 0.040000 0.215000
0 0.230000 0.903750 0.100000 0.072500
0 0.251667 0.840000 0.120000 0.040000
0 0.322500 0.675000 0.085000 0.130000
0 0.486667 0.780000 0.080000 0.200000
0 0.420000 0.758750 0.063333 0.157500
0 0.348333 0.922500 0.096667 0.115000
0 0.598333 0.807500 0.123333 0.110000
0 0.613333 0.780000 0.053333 0.120000
0 0.908333 0.698750 0.146667 0.077500
0 0.968333 0.893750 0.056667 0.112500
0 0.926667 0.862500 0.043333 0.130000
0 0.531667 0.556250 0.116667 0.192500
0 0.549167 0.507500 0.061667 0.180000