0 0.110000 0.048750 0.036667 0.062500
0 0.131667 0.115000 0.060000 0.130000
1 0.060833 0.296250 0.055000 0.082500
0 0.284167 0.535000 0.075000 0.150000
0 0.342500 0.538750 0.078333 0.117500
0 0.063333 0.623750 0.100000 0.167500
0 0.153333 0.708750 0.040000 0.052500
0 0.055833 0.777500 0.098333 0.115000
0 0.067500 0.906250 0.068333 0.127500
0 0.457500 0.790000 0.108333 0.220000
0 0.655000 0.676250 0.126667 0.147500
0 0.850000 0.876250 0.063333 0.232500
0 0.557500 0.192500 0.105000 0.205000
0 0.562500 0.145000 0.038333 0.100000
3 0.728333 0.798750 0.040000 0.042500
3 0.284167 0.936250 0.041667 0.057500
1 0.110833 0.187500 0.048333 0.075000
1 0.715000 0.107500 0.046667 0.060000