4 0.347367 0.519550 0.079100 0.110950
0 0.070833 0.280000 0.071667 0.235000
0 0.229167 0.307500 0.158333 0.155000
0 0.231667 0.313750 0.070000 0.137500
0 0.280000 0.306250 0.113333 0.077500
0 0.924167 0.160000 0.135000 0.080000
0 0.789167 0.205000 0.135000 0.230000
0 0.570833 0.416250 0.181667 0.157500
0 0.653333 0.482500 0.070000 0.255000
0 0.881667 0.425000 0.083333 0.170000
0 0.570833 0.617500 0.175000 0.125000
0 0.646667 0.797500 0.140000 0.065000
0 0.711667 0.877500 0.150000 0.100000
0 0.559167 0.868750 0.105000 0.167500
0 0.220000 0.756250 0.113333 0.332500
0 0.316667 0.668750 0.146667 0.102500
0 0.412500 0.810000 0.071667 0.180000
0 0.060000 0.696250 0.086667 0.177500
0 0.063333 0.488750 0.120000 0.182500
0 0.070000 0.930000 0.003333 0.005000
1 0.318333 0.402500 0.036667 0.090000
1 0.511667 0.100000 0.046667 0.085000
1 0.686667 0.238750 0.053333 0.097500
1 0.782500 0.351250 0.028333 0.052500
1 0.826667 0.918750 0.050000 0.072500
1 0.418333 0.378750 0.033333 0.062500
1 0.130833 0.560000 0.041667 0.050000