1 0.409275 0.488675 0.031450 0.044000
5 0.270000 0.226250 0.030000 0.067500
0 0.198333 0.150000 0.060000 0.220000
0 0.022500 0.263750 0.041667 0.157500
0 0.074167 0.441250 0.145000 0.152500
0 0.338333 0.455000 0.180000 0.115000
0 0.211667 0.566250 0.140000 0.097500
0 0.162500 0.737500 0.118333 0.175000
0 0.184167 0.791250 0.078333 0.192500
0 0.629167 0.882500 0.055000 0.145000
0 0.581667 0.895000 0.053333 0.150000
0 0.846667 0.641250 0.090000 0.217500
0 0.881667 0.643750 0.080000 0.097500
0 0.971667 0.660000 0.053333 0.115000
0 0.926667 0.388750 0.136667 0.087500
0 0.805833 0.461250 0.085000 0.142500
0 0.684167 0.576250 0.068333 0.192500
0 0.570833 0.152500 0.185000 0.165000
0 0.605000 0.185000 0.083333 0.115000
0 0.706667 0.243750 0.133333 0.107500
0 0.898333 0.286250 0.153333 0.122500
0 0.812500 0.157500 0.095000 0.120000
0 0.713333 0.102500 0.053333 0.115000
3 0.453333 0.185000 0.036667 0.045000
3 0.672500 0.426250 0.035000 0.047500