1 0.478333 0.695000 0.046667 0.050000
1 0.416667 0.738750 0.043333 0.062500
1 0.413333 0.660000 0.060000 0.080000
1 0.557500 0.525000 0.065000 0.070000
1 0.545000 0.125000 0.060000 0.070000
1 0.720000 0.023750 0.060000 0.047500
0 0.417500 0.187500 0.138333 0.090000
0 0.708333 0.226250 0.133333 0.077500
0 0.767500 0.592500 0.161667 0.040000
0 0.682500 0.668750 0.145000 0.102500
0 0.575000 0.580000 0.076667 0.110000
0 0.285000 0.602500 0.086667 0.155000
0 0.361667 0.632500 0.080000 0.085000
0 0.208333 0.557500 0.040000 0.150000
0 0.094167 0.536250 0.101667 0.047500
0 0.114167 0.456250 0.121667 0.067500
0 0.088333 0.665000 0.080000 0.145000
0 0.143333 0.832500 0.080000 0.155000
0 0.883333 0.598750 0.143333 0.167500
0 0.950000 0.235000 0.096667 0.150000