0 0.177500 0.188750 0.088333 0.162500
0 0.079167 0.032500 0.031667 0.065000
0 0.134167 0.030000 0.065000 0.040000
0 0.640000 0.060000 0.176667 0.050000
0 0.700833 0.102500 0.128333 0.045000
0 0.848333 0.516250 0.113333 0.172500
0 0.636667 0.665000 0.123333 0.130000
0 0.475833 0.538750 0.048333 0.122500
0 0.140000 0.791250 0.096667 0.112500
1 0.719167 0.173750 0.041667 0.072500
1 0.934167 0.192500 0.045000 0.065000
1 0.882500 0.710000 0.061667 0.100000
1 0.750000 0.968750 0.050000 0.057500
3 0.470000 0.697500 0.036667 0.065000
3 0.530000 0.915000 0.023333 0.050000
3 0.700833 0.780000 0.028333 0.040000
3 0.525833 0.402500 0.035000 0.055000