0 0.083333 0.296250 0.113333 0.182500
0 0.108333 0.366250 0.193333 0.162500
0 0.179167 0.380000 0.091667 0.160000
0 0.211667 0.441250 0.083333 0.262500
0 0.333333 0.282500 0.106667 0.190000
0 0.250833 0.160000 0.075000 0.180000
0 0.411667 0.167500 0.080000 0.155000
0 0.370000 0.132500 0.073333 0.125000
0 0.462500 0.111250 0.098333 0.067500
0 0.540000 0.122500 0.116667 0.165000
0 0.523333 0.235000 0.093333 0.135000
0 0.745000 0.372500 0.136667 0.080000
0 0.682500 0.402500 0.061667 0.180000
0 0.721667 0.576250 0.170000 0.167500
0 0.428333 0.552500 0.130000 0.200000
0 0.546667 0.488750 0.106667 0.137500
0 0.363333 0.652500 0.100000 0.215000
0 0.661667 0.718750 0.140000 0.077500
0 0.729167 0.822500 0.101667 0.235000
0 0.884167 0.777500 0.061667 0.275000
0 0.310000 0.935000 0.136667 0.075000
0 0.455833 0.967500 0.165000 0.060000
0 0.049167 0.953750 0.095000 0.082500
1 0.550833 0.038750 0.065000 0.057500
1 0.979167 0.091250 0.038333 0.097500
1 0.942500 0.070000 0.048333 0.080000
1 0.630833 0.312500 0.061667 0.075000
1 0.573333 0.547500 0.063333 0.095000
1 0.465000 0.680000 0.066667 0.095000
1 0.929167 0.845000 0.048333 0.080000