0 0.850783 0.856500 0.101567 0.071350
0 0.639650 0.296800 0.055867 0.256900
0 0.078358 0.561188 0.097383 0.236975
0 0.470217 0.110887 0.145500 0.092325
0 0.543950 0.326825 0.041800 0.202600
0 0.309375 0.152837 0.072650 0.134175
0 0.625583 0.080412 0.106633 0.117025
0 0.186667 0.351250 0.133333 0.122500
0 0.294167 0.297500 0.161667 0.115000
0 0.650000 0.336250 0.143333 0.087500
0 0.810833 0.155000 0.095000 0.270000
0 0.805833 0.503750 0.131667 0.187500
0 0.738333 0.867500 0.100000 0.220000
0 0.342500 0.837500 0.158333 0.165000
0 0.249167 0.946250 0.078333 0.097500
1 0.485000 0.438750 0.053333 0.067500