0 0.110000 0.138750 0.083333 0.197500
0 0.036667 0.300000 0.070000 0.140000
0 0.368333 0.282500 0.076667 0.225000
0 0.430833 0.032500 0.125000 0.065000
5 0.270000 0.222500 0.046667 0.085000
0 0.605000 0.115000 0.113333 0.090000
0 0.578333 0.205000 0.050000 0.090000
0 0.675833 0.226250 0.045000 0.137500
0 0.778333 0.228750 0.186667 0.062500
0 0.891667 0.297500 0.160000 0.050000
0 0.615833 0.357500 0.068333 0.175000
0 0.771667 0.563750 0.126667 0.162500
0 0.232500 0.852500 0.085000 0.115000
0 0.087500 0.635000 0.151667 0.125000
0 0.304167 0.497500 0.128333 0.085000
0 0.385833 0.545000 0.048333 0.210000
0 0.089167 0.833750 0.078333 0.212500
0 0.707500 0.720000 0.065000 0.100000
0 0.721667 0.813750 0.116667 0.142500
0 0.940000 0.707500 0.080000 0.125000
3 0.454167 0.182500 0.035000 0.050000
1 0.250000 0.661250 0.060000 0.077500