0 0.049167 0.133750 0.098333 0.132500
0 0.160000 0.382500 0.106667 0.115000
0 0.189167 0.521250 0.151667 0.142500
0 0.381667 0.446250 0.090000 0.207500
0 0.452500 0.322500 0.145000 0.140000
0 0.472500 0.365000 0.088333 0.180000
0 0.383333 0.190000 0.043333 0.200000
0 0.336667 0.095000 0.060000 0.190000
0 0.500000 0.177500 0.093333 0.075000
0 0.587500 0.118750 0.055000 0.222500
0 0.769167 0.182500 0.045000 0.195000
0 0.819167 0.040000 0.101667 0.080000
0 0.683333 0.066250 0.086667 0.127500
0 0.822500 0.255000 0.055000 0.120000
0 0.812500 0.215000 0.051667 0.110000
0 0.612500 0.305000 0.105000 0.065000
0 0.622500 0.386250 0.085000 0.132500
0 0.729167 0.505000 0.098333 0.150000
0 0.515833 0.576250 0.135000 0.147500
0 0.641667 0.637500 0.096667 0.085000
0 0.688333 0.696250 0.133333 0.112500
0 0.813333 0.560000 0.066667 0.080000
0 0.770833 0.623750 0.048333 0.147500
0 0.886667 0.510000 0.080000 0.090000
0 0.962500 0.625000 0.068333 0.085000
0 0.918333 0.603750 0.083333 0.122500
0 0.948333 0.712500 0.100000 0.135000
0 0.828333 0.673750 0.076667 0.152500
0 0.755833 0.867500 0.071667 0.175000
0 0.955833 0.876250 0.085000 0.087500
0 0.662500 0.922500 0.068333 0.125000
0 0.633333 0.905000 0.030000 0.180000
0 0.496667 0.752500 0.113333 0.155000
0 0.551667 0.675000 0.100000 0.080000
0 0.360833 0.617500 0.121667 0.075000
1 0.362500 0.665000 0.055000 0.090000
0 0.395000 0.927500 0.056667 0.130000
0 0.270000 0.738750 0.023333 0.157500
0 0.194167 0.722500 0.061667 0.140000
0 0.208333 0.910000 0.060000 0.170000
0 0.156667 0.847500 0.040000 0.145000
0 0.120000 0.835000 0.043333 0.130000
0 0.225000 0.036250 0.060000 0.072500