0 0.344167 0.032500 0.161667 0.050000
0 0.129167 0.260000 0.068333 0.080000
0 0.192500 0.310000 0.088333 0.100000
0 0.144167 0.396250 0.165000 0.092500
0 0.271667 0.496250 0.100000 0.172500
0 0.362500 0.356250 0.125000 0.172500
0 0.356667 0.468750 0.140000 0.117500
0 0.355000 0.558750 0.106667 0.062500
0 0.577500 0.313750 0.161667 0.147500
0 0.651667 0.412500 0.150000 0.135000
0 0.647500 0.581250 0.155000 0.137500
0 0.825000 0.598750 0.096667 0.062500
0 0.953333 0.527500 0.090000 0.090000
0 0.437500 0.726250 0.165000 0.067500
0 0.519167 0.943750 0.111667 0.087500
0 0.098333 0.890000 0.140000 0.100000
1 0.452500 0.398750 0.045000 0.082500
1 0.399167 0.138750 0.045000 0.042500
0 0.294167 0.665000 0.078333 0.070000