0 0.136667 0.275000 0.123333 0.130000
0 0.542500 0.153750 0.198333 0.027500
0 0.474167 0.105000 0.065000 0.090000
0 0.280000 0.250000 0.060000 0.195000
0 0.367500 0.356250 0.145000 0.052500
0 0.254167 0.416250 0.185000 0.092500
0 0.178333 0.472500 0.150000 0.110000
0 0.203333 0.593750 0.106667 0.127500
0 0.140000 0.656250 0.096667 0.127500
0 0.054167 0.608750 0.048333 0.177500
0 0.417500 0.647500 0.091667 0.140000
0 0.461667 0.508750 0.053333 0.167500
0 0.696667 0.171250 0.116667 0.072500
0 0.875833 0.050000 0.125000 0.085000
0 0.945000 0.226250 0.093333 0.117500
0 0.876667 0.197500 0.083333 0.065000
0 0.719167 0.305000 0.071667 0.055000
0 0.820000 0.331250 0.053333 0.102500
0 0.822500 0.448750 0.055000 0.142500
0 0.761667 0.417500 0.066667 0.120000
0 0.631667 0.505000 0.116667 0.155000
0 0.544167 0.427500 0.151667 0.095000
0 0.521667 0.453750 0.036667 0.092500
0 0.685000 0.600000 0.046667 0.155000
0 0.945833 0.448750 0.105000 0.042500
0 0.861667 0.595000 0.066667 0.170000
0 0.802500 0.793750 0.041667 0.147500
0 0.804167 0.942500 0.075000 0.105000
0 0.732500 0.753750 0.098333 0.137500
0 0.667500 0.782500 0.098333 0.085000
0 0.565000 0.861250 0.060000 0.162500
0 0.520000 0.736250 0.050000 0.167500
0 0.435000 0.902500 0.080000 0.185000
0 0.359167 0.920000 0.111667 0.140000
0 0.280000 0.822500 0.043333 0.135000
0 0.182500 0.913750 0.098333 0.157500