0 0.156667 0.106250 0.100000 0.182500
0 0.049167 0.291250 0.095000 0.142500
0 0.167500 0.298750 0.058333 0.082500
5 0.270833 0.226250 0.045000 0.087500
0 0.469167 0.381250 0.108333 0.117500
0 0.565000 0.363750 0.083333 0.117500
0 0.329167 0.470000 0.171667 0.100000
0 0.105000 0.643750 0.100000 0.182500
0 0.034167 0.762500 0.065000 0.125000
0 0.105000 0.817500 0.050000 0.180000
0 0.431667 0.646250 0.073333 0.212500
0 0.644167 0.330000 0.065000 0.180000
0 0.602500 0.123750 0.118333 0.102500
0 0.616667 0.166250 0.056667 0.107500
0 0.725000 0.092500 0.086667 0.165000
0 0.806667 0.200000 0.200000 0.085000
0 0.920000 0.267500 0.156667 0.060000
0 0.743333 0.458750 0.123333 0.102500
0 0.792500 0.533750 0.118333 0.147500
0 0.843333 0.742500 0.073333 0.125000
0 0.948333 0.712500 0.066667 0.125000
0 0.735000 0.775000 0.093333 0.130000
0 0.608333 0.862500 0.110000 0.245000
0 0.474167 0.846250 0.135000 0.112500
1 0.275833 0.640000 0.055000 0.080000
3 0.457500 0.178750 0.045000 0.052500
0 0.449167 0.013750 0.051667 0.027500
0 0.227500 0.850000 0.095000 0.130000