0 0.242500 0.077500 0.081667 0.155000
0 0.378333 0.080000 0.150000 0.100000
0 0.050833 0.181250 0.038333 0.252500
0 0.100833 0.346250 0.058333 0.072500
0 0.334167 0.411250 0.101667 0.127500
0 0.200833 0.495000 0.145000 0.130000
0 0.300000 0.511250 0.173333 0.067500
0 0.545833 0.416250 0.045000 0.212500
0 0.545833 0.236250 0.051667 0.097500
0 0.603333 0.125000 0.136667 0.130000
0 0.731667 0.267500 0.206667 0.095000
0 0.825833 0.371250 0.155000 0.057500
1 0.954167 0.361250 0.038333 0.052500
0 0.922500 0.631250 0.108333 0.062500
0 0.938333 0.718750 0.083333 0.107500
0 0.721667 0.601250 0.120000 0.177500
0 0.475000 0.713750 0.093333 0.132500
0 0.058333 0.638750 0.063333 0.087500
0 0.066667 0.848750 0.116667 0.197500
0 0.679167 0.833750 0.125000 0.137500
1 0.190833 0.705000 0.045000 0.070000
5 0.267500 0.228750 0.055000 0.077500
3 0.460833 0.181250 0.038333 0.042500