0 0.284167 0.133750 0.088333 0.082500
0 0.305000 0.188750 0.116667 0.057500
0 0.242500 0.043750 0.091667 0.072500
0 0.479167 0.138750 0.131667 0.157500
0 0.525000 0.207500 0.093333 0.110000
0 0.548333 0.387500 0.083333 0.190000
0 0.460833 0.407500 0.065000 0.195000
0 0.490000 0.605000 0.106667 0.090000
0 0.174167 0.560000 0.091667 0.205000
0 0.333333 0.498750 0.143333 0.122500
0 0.133333 0.241250 0.093333 0.197500
0 0.180833 0.278750 0.061667 0.257500
0 0.026667 0.390000 0.053333 0.175000
0 0.043333 0.470000 0.083333 0.145000
0 0.057500 0.065000 0.091667 0.120000
0 0.815833 0.050000 0.105000 0.080000
0 0.901667 0.045000 0.050000 0.090000
0 0.776667 0.436250 0.113333 0.227500
0 0.946667 0.605000 0.093333 0.225000
0 0.617500 0.467500 0.098333 0.095000
0 0.310000 0.721250 0.130000 0.172500
0 0.593333 0.775000 0.120000 0.200000
0 0.690000 0.891250 0.073333 0.207500
0 0.357500 0.897500 0.108333 0.155000
0 0.265833 0.892500 0.041667 0.210000
0 0.180000 0.822500 0.093333 0.095000
0 0.118333 0.697500 0.113333 0.045000
0 0.235833 0.753750 0.048333 0.047500
1 0.206667 0.493750 0.056667 0.087500
1 0.644167 0.557500 0.065000 0.090000
4 0.439167 0.542500 0.085000 0.135000