0 0.280833 0.070000 0.141667 0.140000
0 0.440833 0.073750 0.118333 0.072500
0 0.473333 0.030000 0.093333 0.060000
0 0.515833 0.123750 0.185000 0.142500
0 0.395000 0.235000 0.170000 0.130000
0 0.572500 0.171250 0.085000 0.097500
0 0.736667 0.070000 0.060000 0.140000
0 0.797500 0.098750 0.128333 0.182500
0 0.892500 0.061250 0.171667 0.077500
0 0.944167 0.168750 0.101667 0.177500
0 0.942500 0.223750 0.091667 0.222500
0 0.910833 0.280000 0.071667 0.165000
0 0.867500 0.312500 0.095000 0.195000
0 0.930833 0.516250 0.088333 0.177500
0 0.971667 0.542500 0.053333 0.070000
0 0.824167 0.513750 0.201667 0.062500
0 0.495000 0.328750 0.216667 0.077500
0 0.565833 0.410000 0.161667 0.180000
0 0.620000 0.505000 0.186667 0.150000
0 0.663850 0.263250 0.015000 0.042500
0 0.025833 0.431250 0.051667 0.202500
0 0.100000 0.475000 0.196667 0.045000
0 0.125000 0.481250 0.086667 0.227500
0 0.245000 0.566250 0.116667 0.187500
0 0.321667 0.620000 0.143333 0.100000
0 0.257500 0.357500 0.081667 0.195000
0 0.315833 0.486250 0.088333 0.122500
0 0.429167 0.465000 0.128333 0.130000
0 0.198333 0.296250 0.146667 0.107500
0 0.811667 0.708750 0.133333 0.237500
0 0.685833 0.857500 0.048333 0.235000
0 0.723333 0.856250 0.193333 0.122500
0 0.764167 0.931250 0.038333 0.122500
0 0.715833 0.937500 0.031667 0.110000
0 0.934167 0.676250 0.031667 0.212500
0 0.952500 0.746250 0.025000 0.227500
0 0.524167 0.661250 0.061667 0.242500
0 0.536667 0.663750 0.146667 0.172500
0 0.390833 0.601250 0.165000 0.087500
0 0.421667 0.625000 0.130000 0.090000
0 0.414167 0.720000 0.055000 0.240000
0 0.442500 0.640000 0.085000 0.120000
0 0.285833 0.763750 0.188333 0.207500
0 0.395833 0.761250 0.181667 0.077500
0 0.285000 0.832500 0.190000 0.150000
0 0.199167 0.748750 0.171667 0.057500
0 0.131667 0.870000 0.030000 0.140000
0 0.173333 0.861250 0.080000 0.202500
0 0.085833 0.887500 0.111667 0.165000