0 0.037358 0.953125 0.072717 0.061450
0 0.143167 0.576163 0.068367 0.125775
0 0.927733 0.211537 0.033600 0.026175
0 0.635158 0.774475 0.096883 0.019800
0 0.705475 0.225637 0.067183 0.072125
0 0.500000 0.910000 0.066667 0.150000
0 0.469167 0.675000 0.078333 0.100000
0 0.401667 0.668750 0.046667 0.167500
0 0.185000 0.325000 0.130000 0.275000
0 0.065000 0.375000 0.063333 0.090000
0 0.396667 0.061250 0.070000 0.117500
0 0.492500 0.238750 0.155000 0.102500
0 0.825000 0.428750 0.146667 0.117500
0 0.806667 0.482500 0.046667 0.260000
0 0.610833 0.456250 0.111667 0.147500
0 0.896667 0.088750 0.086667 0.177500
0 0.450833 0.373750 0.065000 0.122500
0 0.529167 0.336250 0.035000 0.067500
0 0.297500 0.460000 0.085000 0.110000
0 0.239167 0.763750 0.081667 0.087500
0 0.675833 0.675000 0.101667 0.075000
0 0.062500 0.216250 0.108333 0.207500
1 0.198333 0.686250 0.050000 0.077500
1 0.617500 0.723750 0.061667 0.087500
1 0.605833 0.266250 0.051667 0.082500
1 0.748333 0.086250 0.050000 0.047500
0 0.687500 0.287500 0.041667 0.075000