0 0.132500 0.055000 0.195000 0.110000
0 0.148333 0.217500 0.140000 0.185000
0 0.310833 0.216250 0.131667 0.097500
0 0.294167 0.258750 0.088333 0.127500
0 0.594167 0.385000 0.171667 0.215000
0 0.726667 0.488750 0.073333 0.302500
0 0.678333 0.580000 0.100000 0.120000
0 0.630833 0.578750 0.081667 0.142500
0 0.299167 0.595000 0.125000 0.250000
0 0.072500 0.460000 0.138333 0.220000
0 0.115000 0.310000 0.130000 0.120000
0 0.283333 0.855000 0.200000 0.130000
0 0.780000 0.741250 0.103333 0.217500
0 0.713333 0.932500 0.193333 0.095000
1 0.170833 0.471250 0.055000 0.092500
1 0.065833 0.176250 0.051667 0.072500
1 0.272500 0.120000 0.041667 0.060000
1 0.741667 0.185000 0.063333 0.105000
1 0.837500 0.270000 0.051667 0.090000
1 0.775000 0.547500 0.053333 0.070000
1 0.876667 0.816250 0.066667 0.087500
1 0.356667 0.428750 0.053333 0.077500
0 0.605000 0.876250 0.043333 0.072500