1 0.518942 0.767713 0.028517 0.066675
1 0.461917 0.598712 0.036333 0.039075
1 0.480283 0.668488 0.043367 0.076575
1 0.642975 0.823187 0.027350 0.044275
1 0.097017 0.660675 0.048533 0.060950
1 0.410442 0.699750 0.035350 0.047400
1 0.577142 0.821625 0.025383 0.040100
1 0.611917 0.826825 0.022267 0.052600
5 0.600200 0.626812 0.079300 0.086975
1 0.328425 0.175788 0.038083 0.039575
1 0.185692 0.509112 0.031350 0.043225
1 0.803325 0.973712 0.035550 0.039075
1 0.464058 0.045775 0.032817 0.051550
1 0.384167 0.295000 0.058333 0.090000
1 0.080833 0.127500 0.055000 0.055000
0 0.119167 0.151250 0.101667 0.092500
0 0.045000 0.042500 0.083333 0.085000
0 0.233333 0.082500 0.106667 0.075000
0 0.195000 0.147500 0.063333 0.240000
0 0.260833 0.176250 0.111667 0.167500
0 0.210000 0.352500 0.113333 0.155000
0 0.121667 0.482500 0.076667 0.180000
0 0.480000 0.332500 0.150000 0.110000
0 0.569167 0.391250 0.071667 0.182500
0 0.616667 0.391250 0.113333 0.052500
0 0.524167 0.176250 0.111667 0.127500
0 0.577500 0.102500 0.078333 0.075000
0 0.533333 0.040000 0.066667 0.065000
0 0.635000 0.037500 0.093333 0.045000
0 0.653333 0.127500 0.066667 0.105000
0 0.799167 0.170000 0.108333 0.140000
0 0.919167 0.183750 0.068333 0.097500
0 0.885833 0.250000 0.058333 0.120000
0 0.913333 0.320000 0.066667 0.095000
0 0.827500 0.416250 0.138333 0.132500
0 0.824167 0.402500 0.075000 0.075000
0 0.910833 0.448750 0.095000 0.137500
0 0.975000 0.423750 0.043333 0.087500
0 0.976667 0.253750 0.043333 0.062500
0 0.755000 0.568750 0.106667 0.147500
0 0.870000 0.751250 0.133333 0.182500
0 0.765000 0.766250 0.073333 0.087500
0 0.695833 0.765000 0.071667 0.170000
0 0.126667 0.686250 0.210000 0.172500
0 0.175000 0.893750 0.073333 0.167500
0 0.180000 0.920000 0.156667 0.125000
0 0.467500 0.940000 0.185000 0.110000
0 0.600000 0.956250 0.156667 0.067500
0 0.685833 0.917500 0.118333 0.095000