0 0.189167 0.026250 0.198333 0.042500
0 0.305833 0.076250 0.088333 0.152500
0 0.311667 0.283750 0.086667 0.127500
0 0.230000 0.285000 0.106667 0.215000
0 0.263333 0.422500 0.050000 0.145000
0 0.228333 0.173750 0.063333 0.082500
0 0.440000 0.398750 0.073333 0.177500
0 0.743333 0.575000 0.090000 0.160000
0 0.760000 0.676250 0.083333 0.187500
0 0.751667 0.956250 0.053333 0.082500
0 0.469167 0.791250 0.158333 0.277500
0 0.539167 0.768750 0.115000 0.157500
0 0.573333 0.893750 0.050000 0.087500
0 0.886667 0.498750 0.050000 0.092500
0 0.973333 0.462500 0.043333 0.240000
0 0.168250 0.729250 0.055000 0.237500
0 0.219167 0.920000 0.058333 0.080000
0 0.269167 0.687500 0.111667 0.090000
1 0.249167 0.667500 0.051667 0.070000
1 0.622500 0.871250 0.048333 0.062500
1 0.953333 0.438750 0.060000 0.082500