0 0.160833 0.203750 0.058333 0.137500
0 0.412500 0.178750 0.075000 0.147500
0 0.363333 0.327500 0.113333 0.150000
0 0.208333 0.351250 0.083333 0.202500
0 0.069167 0.448750 0.015000 0.132500
0 0.057500 0.340000 0.051667 0.190000
0 0.022500 0.438750 0.041667 0.062500
0 0.610833 0.285000 0.121667 0.070000
0 0.678333 0.133750 0.100000 0.137500
0 0.557500 0.582500 0.135000 0.105000
0 0.401667 0.631250 0.083333 0.102500
0 0.146667 0.847500 0.060000 0.190000
0 0.393333 0.858750 0.100000 0.057500
0 0.415000 0.906250 0.103333 0.022500
0 0.730833 0.952500 0.201667 0.065000
0 0.723333 0.661250 0.116667 0.127500
0 0.902500 0.668750 0.095000 0.127500
0 0.919167 0.545000 0.088333 0.150000
0 0.807500 0.512500 0.125000 0.120000
1 0.079167 0.875000 0.045000 0.060000
1 0.606667 0.352500 0.043333 0.055000
1 0.216667 0.072500 0.060000 0.055000