0 0.123333 0.090000 0.153333 0.120000
0 0.301667 0.068750 0.056667 0.137500
0 0.264167 0.292500 0.145000 0.180000
0 0.262500 0.297500 0.081667 0.115000
0 0.096667 0.257500 0.100000 0.150000
0 0.069167 0.485000 0.128333 0.215000
0 0.075833 0.440000 0.095000 0.095000
0 0.855000 0.147500 0.140000 0.160000
0 0.745833 0.238750 0.061667 0.202500
0 0.610833 0.378750 0.111667 0.137500
0 0.695000 0.583750 0.063333 0.242500
0 0.666667 0.740000 0.176667 0.085000
0 0.747500 0.875000 0.121667 0.090000
0 0.294167 0.933750 0.158333 0.112500
0 0.262500 0.698750 0.105000 0.262500
0 0.944167 0.416250 0.088333 0.132500
1 0.334167 0.426250 0.051667 0.087500
1 0.037500 0.272500 0.055000 0.075000
1 0.850833 0.902500 0.035000 0.060000
1 0.738333 0.611250 0.040000 0.077500
1 0.810833 0.331250 0.041667 0.062500
1 0.976667 0.342500 0.043333 0.075000
1 0.527500 0.080000 0.045000 0.080000
4 0.403333 0.443750 0.093333 0.157500
0 0.149167 0.183750 0.118333 0.127500
4 0.607500 0.821250 0.058333 0.087500