0 0.308333 0.025000 0.056667 0.050000
0 0.139167 0.177500 0.048333 0.065000
0 0.174167 0.396250 0.038333 0.252500
0 0.294167 0.482500 0.085000 0.115000
0 0.279167 0.657500 0.125000 0.235000
0 0.650000 0.392500 0.063333 0.110000
0 0.621667 0.480000 0.050000 0.140000
0 0.745833 0.527500 0.168333 0.135000
0 0.955833 0.587500 0.051667 0.195000
0 0.854167 0.706250 0.065000 0.127500
0 0.162500 0.895000 0.061667 0.190000
0 0.084167 0.911250 0.071667 0.102500
0 0.118333 0.730000 0.073333 0.100000
0 0.917500 0.302500 0.071667 0.095000
0 0.525833 0.177500 0.045000 0.150000
0 0.660833 0.132500 0.148333 0.135000