0 0.338333 0.197500 0.166667 0.110000
0 0.240000 0.292500 0.060000 0.100000
0 0.032500 0.366250 0.048333 0.172500
0 0.321667 0.520000 0.133333 0.080000
0 0.289167 0.660000 0.091667 0.140000
0 0.344167 0.653750 0.065000 0.147500
0 0.376667 0.593750 0.036667 0.072500
0 0.411667 0.590000 0.050000 0.110000
0 0.493333 0.428750 0.086667 0.137500
0 0.691667 0.520000 0.093333 0.140000
0 0.876667 0.293750 0.093333 0.207500
0 0.782500 0.300000 0.081667 0.170000
0 0.631667 0.177500 0.073333 0.125000
0 0.737500 0.052500 0.061667 0.105000
0 0.822500 0.035000 0.068333 0.070000
0 0.970833 0.475000 0.055000 0.075000
0 0.545000 0.048750 0.023333 0.097500
0 0.520000 0.057500 0.060000 0.075000
0 0.624167 0.062500 0.125000 0.105000
0 0.310000 0.086250 0.083333 0.072500
0 0.196667 0.048750 0.106667 0.097500
0 0.326667 0.753750 0.066667 0.067500
0 0.123333 0.721250 0.080000 0.222500
0 0.450833 0.826250 0.048333 0.197500
0 0.475000 0.823750 0.040000 0.072500
0 0.510833 0.808750 0.038333 0.062500
0 0.604167 0.752500 0.155000 0.075000
0 0.791667 0.860000 0.190000 0.125000
0 0.672500 0.872500 0.045000 0.095000
0 0.767500 0.766250 0.075000 0.092500
0 0.933333 0.967500 0.066667 0.060000
1 0.942500 0.375000 0.055000 0.065000
1 0.045833 0.115000 0.081667 0.070000