0 0.513333 0.100000 0.113333 0.150000
0 0.652500 0.090000 0.101667 0.130000
0 0.724167 0.110000 0.091667 0.180000
0 0.717500 0.320000 0.155000 0.130000
0 0.473333 0.216250 0.076667 0.067500
0 0.369167 0.227500 0.071667 0.215000
0 0.391667 0.341250 0.086667 0.052500
0 0.257500 0.363750 0.175000 0.077500
0 0.331667 0.443750 0.060000 0.107500
0 0.451667 0.533750 0.100000 0.187500
0 0.457500 0.656250 0.138333 0.067500
0 0.659167 0.710000 0.061667 0.170000
0 0.601667 0.880000 0.173333 0.040000
0 0.110000 0.840000 0.070000 0.180000
0 0.768333 0.897500 0.140000 0.075000
0 0.939167 0.858750 0.108333 0.082500
0 0.975000 0.183750 0.040000 0.027500
1 0.040000 0.825000 0.036667 0.050000