0 0.140000 0.076250 0.076667 0.077500
0 0.170833 0.312500 0.135000 0.115000
0 0.355000 0.338750 0.093333 0.127500
0 0.355000 0.616250 0.180000 0.157500
0 0.114167 0.660000 0.081667 0.080000
0 0.173333 0.817500 0.076667 0.235000
0 0.088333 0.863750 0.043333 0.102500
0 0.530833 0.863750 0.095000 0.172500
0 0.708333 0.820000 0.160000 0.055000
0 0.975000 0.521250 0.046667 0.222500
0 0.763333 0.476250 0.163333 0.112500
0 0.648333 0.348750 0.053333 0.152500
0 0.545833 0.097500 0.061667 0.145000
0 0.628333 0.097500 0.053333 0.085000
3 0.731667 0.277500 0.030000 0.050000
3 0.818333 0.388750 0.030000 0.057500