0 0.124167 0.075000 0.178333 0.100000
0 0.405000 0.073750 0.170000 0.097500
0 0.383333 0.035000 0.046667 0.070000
0 0.920000 0.015000 0.133333 0.030000
0 0.242500 0.268750 0.135000 0.062500
0 0.190000 0.380000 0.116667 0.160000
0 0.797500 0.167500 0.191667 0.155000
0 0.819167 0.305000 0.071667 0.190000
0 0.755000 0.348750 0.093333 0.142500
0 0.612500 0.360000 0.155000 0.150000
0 0.125000 0.708750 0.096667 0.152500
0 0.784167 0.625000 0.155000 0.090000
0 0.961667 0.673750 0.073333 0.142500
0 0.795833 0.803750 0.055000 0.187500
1 0.339167 0.355000 0.058333 0.080000
0 0.357500 0.661250 0.081667 0.217500
1 0.908333 0.761250 0.046667 0.062500
5 0.894167 0.465000 0.061667 0.070000
5 0.854167 0.050000 0.091667 0.065000