0 0.125833 0.053750 0.081667 0.092500
0 0.121667 0.167500 0.053333 0.140000
1 0.045000 0.356250 0.056667 0.072500
0 0.345833 0.591250 0.098333 0.137500
0 0.252500 0.585000 0.128333 0.170000
0 0.552500 0.258750 0.128333 0.187500
0 0.643333 0.080000 0.136667 0.120000
0 0.645000 0.740000 0.160000 0.140000
0 0.438333 0.853750 0.123333 0.212500
0 0.059167 0.707500 0.105000 0.185000
0 0.055833 0.843750 0.108333 0.092500
0 0.844167 0.902500 0.058333 0.190000
1 0.713333 0.852500 0.036667 0.050000
0 0.893333 0.552500 0.076667 0.235000
1 0.088333 0.262500 0.043333 0.060000
0 0.452500 0.052500 0.158333 0.105000