0 0.059167 0.163750 0.085000 0.132500
0 0.050000 0.270000 0.096667 0.100000
0 0.113333 0.307500 0.073333 0.090000
0 0.166667 0.231250 0.060000 0.157500
0 0.247500 0.307500 0.115000 0.115000
0 0.242500 0.297500 0.058333 0.225000
0 0.259167 0.225000 0.091667 0.150000
0 0.349167 0.160000 0.078333 0.175000
0 0.308333 0.061250 0.096667 0.087500
0 0.266667 0.028750 0.100000 0.032500
0 0.235000 0.046250 0.046667 0.092500
0 0.160000 0.145000 0.133333 0.120000
0 0.486667 0.106250 0.140000 0.052500
0 0.571667 0.162500 0.143333 0.075000
0 0.460833 0.230000 0.091667 0.080000
0 0.371667 0.440000 0.116667 0.155000
0 0.144167 0.473750 0.091667 0.107500
0 0.087500 0.525000 0.071667 0.120000
0 0.066667 0.427500 0.056667 0.125000
0 0.023333 0.497500 0.043333 0.195000
0 0.501667 0.516250 0.076667 0.217500
0 0.599167 0.548750 0.071667 0.137500
0 0.750833 0.466250 0.148333 0.107500
0 0.838333 0.178750 0.213333 0.177500
0 0.445000 0.621250 0.146667 0.092500
0 0.336667 0.676250 0.146667 0.087500
0 0.299167 0.740000 0.088333 0.080000
0 0.225833 0.768750 0.105000 0.102500
0 0.152500 0.771250 0.095000 0.057500
0 0.199167 0.847500 0.151667 0.085000
0 0.143333 0.856250 0.066667 0.087500
0 0.051667 0.736250 0.100000 0.077500
0 0.363333 0.840000 0.066667 0.160000
0 0.491667 0.843750 0.050000 0.127500
0 0.551667 0.808750 0.113333 0.097500
0 0.607500 0.793750 0.081667 0.092500
0 0.683333 0.812500 0.116667 0.045000
0 0.637500 0.867500 0.055000 0.090000
0 0.598333 0.945000 0.116667 0.090000
0 0.655833 0.955000 0.081667 0.080000
0 0.808333 0.933750 0.076667 0.127500
0 0.881667 0.846250 0.036667 0.157500
0 0.913333 0.950000 0.046667 0.080000
0 0.955000 0.965000 0.073333 0.060000
0 0.950000 0.922500 0.080000 0.080000
0 0.475833 0.926250 0.148333 0.092500