1 0.040000 0.060000 0.076667 0.075000
0 0.191667 0.225000 0.166667 0.080000
0 0.218333 0.277500 0.153333 0.075000
0 0.393333 0.393750 0.086667 0.147500
0 0.594167 0.303750 0.058333 0.242500
0 0.452500 0.561250 0.078333 0.062500
0 0.389167 0.620000 0.101667 0.050000
0 0.385000 0.671250 0.153333 0.052500
0 0.367500 0.801250 0.158333 0.102500
0 0.164167 0.792500 0.158333 0.085000
0 0.638333 0.836250 0.113333 0.172500
1 0.513333 0.640000 0.093333 0.110000
4 0.324167 0.545000 0.098333 0.115000
1 0.014167 0.798750 0.025000 0.062500
1 0.299167 0.876250 0.058333 0.062500