0 0.074167 0.166250 0.115000 0.132500
0 0.175000 0.052500 0.043333 0.105000
0 0.196667 0.125000 0.106667 0.085000
0 0.222500 0.186250 0.098333 0.087500
0 0.290000 0.056250 0.120000 0.082500
0 0.429167 0.156250 0.055000 0.122500
0 0.500000 0.095000 0.123333 0.115000
0 0.418333 0.255000 0.086667 0.110000
0 0.460000 0.306250 0.113333 0.097500
0 0.511667 0.375000 0.066667 0.100000
0 0.630833 0.360000 0.128333 0.120000
0 0.712500 0.166250 0.035000 0.172500
0 0.749167 0.190000 0.055000 0.100000
0 0.800000 0.281250 0.103333 0.077500
0 0.718333 0.018750 0.083333 0.037500
0 0.897500 0.092500 0.145000 0.110000
0 0.882500 0.147500 0.111667 0.040000
0 0.926667 0.016250 0.090000 0.027500
0 0.883333 0.381250 0.126667 0.117500
0 0.783333 0.672500 0.130000 0.075000
0 0.650000 0.531250 0.136667 0.202500
0 0.618333 0.518750 0.110000 0.082500
0 0.430000 0.567500 0.146667 0.040000
0 0.383333 0.545000 0.120000 0.095000
0 0.223333 0.576250 0.026667 0.197500
0 0.125833 0.553750 0.075000 0.112500
0 0.034167 0.452500 0.065000 0.190000
0 0.375833 0.645000 0.175000 0.110000
0 0.340833 0.750000 0.071667 0.125000
0 0.055833 0.803750 0.088333 0.192500
0 0.039167 0.950000 0.048333 0.090000
0 0.275833 0.963750 0.091667 0.067500
0 0.490833 0.908750 0.141667 0.077500
0 0.520000 0.810000 0.126667 0.080000
0 0.568333 0.780000 0.123333 0.080000
0 0.544167 0.663750 0.091667 0.132500
0 0.688333 0.850000 0.046667 0.120000
0 0.653333 0.961250 0.086667 0.072500
0 0.810000 0.932500 0.056667 0.125000
0 0.964167 0.836250 0.068333 0.147500
0 0.954167 0.950000 0.088333 0.075000