0 0.239850 0.664587 0.098833 0.141675
0 0.785350 0.081388 0.055867 0.120025
0 0.889075 0.492450 0.134383 0.065100
0 0.485150 0.887775 0.148433 0.085950
0 0.566408 0.652875 0.063283 0.185950
0 0.808592 0.822912 0.032817 0.091675
0 0.831642 0.216875 0.049217 0.226700
0 0.260450 0.302737 0.015033 0.098175
0 0.935550 0.739587 0.108600 0.202075
0 0.611333 0.823187 0.071100 0.119275
0 0.230275 0.848688 0.037883 0.149475
0 0.583392 0.436588 0.025383 0.153375
0 0.196183 0.118637 0.106833 0.034125
0 0.405767 0.730725 0.040033 0.248950
0 0.605858 0.597662 0.085150 0.086975
0 0.429092 0.443350 0.132417 0.050250
0 0.387592 0.089000 0.118550 0.181900
0 0.539458 0.674487 0.136717 0.153125
0 0.666992 0.439850 0.083983 0.085950
0 0.772858 0.784125 0.010550 0.116150
0 0.773433 0.603638 0.025000 0.159375
4 0.690000 0.045000 0.176667 0.090000
0 0.099167 0.051250 0.055000 0.102500
0 0.099167 0.231250 0.148333 0.182500
0 0.150000 0.167500 0.086667 0.175000
0 0.298333 0.076250 0.130000 0.087500
0 0.190000 0.362500 0.103333 0.150000
0 0.120833 0.420000 0.148333 0.120000
0 0.149167 0.418750 0.071667 0.167500
0 0.116667 0.510000 0.126667 0.085000
0 0.192500 0.627500 0.051667 0.255000
0 0.210833 0.598750 0.138333 0.077500
0 0.545000 0.148750 0.123333 0.177500
0 0.532500 0.071250 0.065000 0.137500
0 0.657500 0.165000 0.061667 0.185000
0 0.847500 0.331250 0.185000 0.197500
0 0.870833 0.273750 0.085000 0.197500
0 0.964167 0.365000 0.058333 0.190000
1 0.586667 0.303750 0.046667 0.072500