0 0.085833 0.072500 0.078333 0.145000
0 0.042500 0.151250 0.075000 0.107500
0 0.177500 0.187500 0.081667 0.050000
0 0.228333 0.185000 0.076667 0.070000
0 0.348333 0.255000 0.180000 0.070000
0 0.200833 0.257500 0.088333 0.095000
0 0.224167 0.376250 0.115000 0.107500
0 0.273333 0.458750 0.133333 0.127500
0 0.379167 0.503750 0.161667 0.172500
0 0.366667 0.590000 0.106667 0.065000
0 0.445000 0.405000 0.100000 0.110000
0 0.506667 0.463750 0.120000 0.042500
0 0.505833 0.563750 0.078333 0.202500
0 0.560000 0.485000 0.083333 0.080000
0 0.604167 0.495000 0.048333 0.070000
0 0.525833 0.193750 0.188333 0.087500
0 0.594167 0.056250 0.105000 0.107500
0 0.784167 0.165000 0.115000 0.140000
0 0.772500 0.078750 0.135000 0.112500
0 0.875000 0.118750 0.123333 0.077500
0 0.905833 0.175000 0.088333 0.210000
0 0.918333 0.296250 0.136667 0.117500
0 0.667500 0.241250 0.095000 0.162500
0 0.680000 0.357500 0.173333 0.055000
0 0.665833 0.352500 0.115000 0.060000
0 0.770833 0.393750 0.135000 0.112500
0 0.821667 0.497500 0.076667 0.085000
0 0.705000 0.550000 0.143333 0.080000
0 0.753333 0.565000 0.120000 0.050000
0 0.756667 0.635000 0.113333 0.135000
0 0.956667 0.628750 0.076667 0.072500
0 0.255000 0.015000 0.030000 0.025000
0 0.220000 0.838750 0.133333 0.167500
0 0.097500 0.600000 0.158333 0.080000
0 0.087500 0.531250 0.111667 0.077500
0 0.037500 0.660000 0.071667 0.100000
0 0.110000 0.832500 0.100000 0.075000
0 0.107500 0.862500 0.091667 0.075000
0 0.559167 0.896250 0.148333 0.162500
0 0.943333 0.952500 0.066667 0.090000