0 0.214167 0.082500 0.165000 0.090000
0 0.286667 0.251250 0.133333 0.162500
0 0.262500 0.370000 0.181667 0.040000
0 0.202500 0.417500 0.118333 0.050000
0 0.021667 0.527500 0.043333 0.060000
0 0.289167 0.872500 0.135000 0.125000
0 0.595833 0.896250 0.181667 0.067500
0 0.672500 0.703750 0.061667 0.187500
0 0.739167 0.548750 0.101667 0.142500
0 0.818333 0.442500 0.086667 0.195000
0 0.474167 0.420000 0.178333 0.120000
0 0.370000 0.430000 0.063333 0.110000
0 0.430000 0.192500 0.040000 0.240000
0 0.515833 0.207500 0.095000 0.085000
0 0.510833 0.335000 0.058333 0.090000
0 0.602500 0.088750 0.051667 0.172500
0 0.820000 0.883750 0.143333 0.082500
0 0.594167 0.215000 0.045000 0.070000
0 0.955000 0.876250 0.083333 0.047500
1 0.926667 0.757500 0.033333 0.055000
1 0.066667 0.808750 0.046667 0.057500