0 0.114167 0.118750 0.078333 0.082500
0 0.195000 0.051250 0.030000 0.087500
0 0.096667 0.235000 0.100000 0.095000
0 0.218333 0.238750 0.073333 0.142500
0 0.225833 0.446250 0.128333 0.042500
0 0.090833 0.461250 0.088333 0.182500
0 0.070000 0.525000 0.066667 0.100000
0 0.097500 0.658750 0.035000 0.157500
0 0.230000 0.513750 0.126667 0.052500
0 0.258333 0.576250 0.086667 0.042500
0 0.235000 0.618750 0.093333 0.017500
0 0.183333 0.760000 0.123333 0.100000
0 0.080000 0.833750 0.066667 0.192500
0 0.024167 0.896250 0.048333 0.047500
0 0.203333 0.941250 0.080000 0.112500
0 0.239167 0.890000 0.141667 0.080000
0 0.375000 0.688750 0.143333 0.162500
0 0.535833 0.701250 0.085000 0.157500
0 0.590833 0.806250 0.145000 0.107500
0 0.680000 0.763750 0.056667 0.047500
0 0.724167 0.843750 0.078333 0.107500
0 0.655833 0.940000 0.048333 0.115000
0 0.966667 0.878750 0.056667 0.117500
0 0.926667 0.842500 0.050000 0.135000
0 0.785833 0.535000 0.111667 0.135000
0 0.653333 0.428750 0.063333 0.277500
0 0.545000 0.332500 0.146667 0.135000
0 0.546667 0.517500 0.093333 0.195000
0 0.594167 0.213750 0.051667 0.067500
0 0.554167 0.213750 0.041667 0.072500