1 0.146667 0.108750 0.076667 0.092500
0 0.329167 0.075000 0.135000 0.150000
0 0.355833 0.141250 0.061667 0.182500
0 0.295833 0.188750 0.081667 0.077500
0 0.275000 0.171250 0.070000 0.177500
0 0.123333 0.366250 0.093333 0.142500
0 0.268333 0.306250 0.186667 0.087500
0 0.490833 0.157500 0.145000 0.175000
0 0.788333 0.322500 0.183333 0.135000
0 0.665000 0.443750 0.123333 0.152500
0 0.671667 0.340000 0.096667 0.110000
0 0.811667 0.525000 0.080000 0.210000
0 0.923333 0.592500 0.076667 0.185000
0 0.907500 0.622500 0.098333 0.115000
0 0.702500 0.573750 0.108333 0.202500
0 0.928333 0.190000 0.136667 0.200000
0 0.894167 0.742500 0.178333 0.115000
0 0.663333 0.751250 0.146667 0.157500
0 0.301667 0.586250 0.106667 0.242500
0 0.238333 0.588750 0.080000 0.242500
0 0.029167 0.670000 0.045000 0.240000
0 0.060833 0.946250 0.118333 0.072500
1 0.327500 0.767500 0.068333 0.090000
1 0.382500 0.745000 0.055000 0.070000
1 0.546667 0.520000 0.070000 0.080000
1 0.104167 0.222500 0.065000 0.075000
0 0.165000 0.535000 0.070000 0.085000
1 0.171667 0.782500 0.053333 0.085000
1 0.313333 0.907500 0.046667 0.095000
1 0.624167 0.476250 0.055000 0.077500