0 0.059167 0.063750 0.051667 0.122500
0 0.096667 0.116250 0.080000 0.062500
0 0.190833 0.086250 0.051667 0.172500
0 0.216667 0.095000 0.083333 0.090000
0 0.282500 0.072500 0.088333 0.070000
0 0.306667 0.198750 0.143333 0.042500
0 0.324167 0.271250 0.078333 0.097500
0 0.101667 0.242500 0.086667 0.115000
0 0.144167 0.320000 0.041667 0.140000
0 0.510000 0.186250 0.093333 0.132500
0 0.595000 0.285000 0.060000 0.170000
0 0.705000 0.221250 0.106667 0.177500
0 0.756667 0.206250 0.110000 0.132500
0 0.844167 0.085000 0.118333 0.150000
0 0.948333 0.086250 0.086667 0.132500
0 0.957500 0.332500 0.061667 0.220000
0 0.791667 0.468750 0.070000 0.112500
0 0.651667 0.410000 0.066667 0.180000
0 0.707500 0.493750 0.105000 0.102500
0 0.814167 0.541250 0.101667 0.122500
0 0.949167 0.622500 0.081667 0.155000
0 0.843333 0.663750 0.080000 0.132500
0 0.705000 0.602500 0.106667 0.080000
0 0.479167 0.297500 0.081667 0.080000
0 0.394167 0.373750 0.085000 0.067500
0 0.456667 0.390000 0.093333 0.080000
0 0.263333 0.441250 0.116667 0.097500
0 0.263333 0.516250 0.100000 0.107500
0 0.031667 0.490000 0.063333 0.100000
0 0.170833 0.677500 0.115000 0.185000
0 0.082500 0.736250 0.081667 0.112500
0 0.022500 0.790000 0.041667 0.055000
0 0.276667 0.778750 0.103333 0.157500
0 0.270000 0.907500 0.130000 0.080000
0 0.407500 0.696250 0.075000 0.112500
0 0.375000 0.852500 0.060000 0.130000
0 0.465000 0.923750 0.123333 0.147500
0 0.449167 0.772500 0.075000 0.165000
0 0.470000 0.555000 0.070000 0.170000
0 0.491667 0.593750 0.076667 0.112500
0 0.525833 0.560000 0.048333 0.095000
0 0.668333 0.743750 0.100000 0.162500
0 0.654167 0.791250 0.085000 0.107500
0 0.746667 0.865000 0.076667 0.100000
0 0.835000 0.822500 0.080000 0.155000
0 0.769167 0.812500 0.111667 0.080000
0 0.942500 0.858750 0.095000 0.122500
0 0.662500 0.951250 0.098333 0.092500
0 0.528333 0.725000 0.053333 0.130000