0 0.105833 0.195000 0.128333 0.115000
0 0.190833 0.142500 0.095000 0.225000
0 0.339167 0.387500 0.055000 0.200000
0 0.272500 0.342500 0.105000 0.175000
0 0.677500 0.281250 0.118333 0.247500
0 0.786667 0.517500 0.120000 0.160000
0 0.695000 0.687500 0.146667 0.120000
0 0.515833 0.591250 0.058333 0.212500
0 0.453333 0.652500 0.073333 0.175000
0 0.342500 0.711250 0.065000 0.222500
0 0.475833 0.952500 0.155000 0.085000
0 0.303333 0.762500 0.090000 0.075000
0 0.186667 0.730000 0.063333 0.155000
0 0.226667 0.580000 0.096667 0.130000
0 0.027500 0.355000 0.041667 0.190000
0 0.113333 0.521250 0.113333 0.107500
0 0.075833 0.807500 0.128333 0.145000
0 0.028333 0.928750 0.046667 0.117500
0 0.660833 0.197500 0.061667 0.225000
5 0.393333 0.075000 0.096667 0.085000
1 0.125000 0.613750 0.066667 0.067500
1 0.378333 0.552500 0.056667 0.075000
5 0.434167 0.496250 0.048333 0.067500