0 0.056667 0.176250 0.086667 0.212500
0 0.055833 0.268750 0.045000 0.077500
0 0.200000 0.267500 0.166667 0.065000
0 0.192500 0.310000 0.105000 0.300000
0 0.030833 0.423750 0.048333 0.167500
0 0.135000 0.560000 0.080000 0.190000
0 0.238333 0.532500 0.076667 0.105000
0 0.310833 0.447500 0.081667 0.100000
0 0.448333 0.370000 0.083333 0.140000
0 0.591667 0.365000 0.096667 0.125000
0 0.540833 0.391250 0.078333 0.257500
0 0.818333 0.262500 0.110000 0.105000
0 0.896667 0.087500 0.096667 0.150000
0 0.805000 0.487500 0.036667 0.255000
0 0.770833 0.351250 0.058333 0.102500
0 0.677500 0.183750 0.058333 0.092500
0 0.420833 0.550000 0.095000 0.200000
0 0.470833 0.592500 0.088333 0.100000
0 0.674167 0.578750 0.075000 0.092500
0 0.884167 0.655000 0.201667 0.095000
0 0.488333 0.817500 0.063333 0.145000
0 0.445833 0.941250 0.045000 0.067500
0 0.945000 0.940000 0.050000 0.075000
1 0.197500 0.676250 0.058333 0.087500
1 0.615000 0.681250 0.076667 0.062500
1 0.616667 0.193750 0.060000 0.092500