0 0.325833 0.306250 0.115000 0.157500
0 0.643333 0.045000 0.160000 0.070000
0 0.565000 0.090000 0.096667 0.130000
0 0.796667 0.151250 0.120000 0.097500
0 0.960833 0.037500 0.071667 0.075000
0 0.489167 0.198750 0.038333 0.077500
0 0.199167 0.107500 0.085000 0.135000
0 0.090000 0.382500 0.123333 0.125000
0 0.097500 0.395000 0.101667 0.080000
0 0.175000 0.400000 0.103333 0.110000
0 0.300833 0.577500 0.118333 0.075000
0 0.550000 0.495000 0.093333 0.105000
0 0.659167 0.472500 0.135000 0.135000
0 0.680833 0.587500 0.095000 0.200000
0 0.182500 0.733750 0.095000 0.152500
0 0.100000 0.076250 0.106667 0.122500
0 0.926667 0.183750 0.073333 0.102500
0 0.900000 0.563750 0.073333 0.147500
0 0.939167 0.577500 0.091667 0.165000
0 0.799167 0.906250 0.145000 0.122500
0 0.905833 0.740000 0.101667 0.115000
0 0.936667 0.858750 0.106667 0.157500
1 0.840833 0.486250 0.048333 0.092500
1 0.627500 0.741250 0.058333 0.072500
1 0.775833 0.957500 0.051667 0.065000
0 0.590833 0.962500 0.041667 0.060000
0 0.577500 0.831250 0.065000 0.087500
1 0.501667 0.951250 0.063333 0.092500
4 0.120000 0.733750 0.080000 0.162500
0 0.449167 0.786250 0.058333 0.182500
1 0.323333 0.403750 0.070000 0.062500
1 0.460000 0.120000 0.053333 0.080000
1 0.505000 0.160000 0.063333 0.080000
1 0.546667 0.382500 0.066667 0.090000
0 0.775000 0.435000 0.110000 0.130000
1 0.526667 0.200000 0.026667 0.050000