4 0.460942 0.748175 0.143750 0.135950
0 0.281667 0.050000 0.053333 0.100000
0 0.338333 0.060000 0.083333 0.080000
0 0.211667 0.146250 0.146667 0.112500
0 0.436667 0.146250 0.063333 0.127500
0 0.644167 0.041250 0.078333 0.077500
0 0.712500 0.067500 0.071667 0.115000
0 0.686667 0.120000 0.090000 0.080000
0 0.817500 0.047500 0.045000 0.095000
0 0.870833 0.066250 0.025000 0.077500
0 0.890833 0.041250 0.025000 0.082500
0 0.900000 0.133750 0.110000 0.067500
0 0.787500 0.181250 0.101667 0.057500
0 0.825833 0.300000 0.165000 0.180000
0 0.824167 0.333750 0.085000 0.132500
0 0.566667 0.177500 0.083333 0.105000
0 0.484167 0.273750 0.051667 0.152500
0 0.115000 0.275000 0.080000 0.090000
0 0.168333 0.253750 0.086667 0.087500
0 0.264167 0.221250 0.095000 0.077500
0 0.308333 0.281250 0.066667 0.122500
0 0.335000 0.347500 0.093333 0.165000
0 0.389167 0.323750 0.068333 0.147500
0 0.569167 0.453750 0.115000 0.192500
0 0.598333 0.443750 0.113333 0.112500
0 0.807500 0.426250 0.165000 0.052500
0 0.963333 0.430000 0.070000 0.060000
0 0.963333 0.385000 0.070000 0.070000
0 0.961667 0.225000 0.066667 0.070000
0 0.911667 0.466250 0.050000 0.087500
0 0.757500 0.497500 0.111667 0.085000
0 0.889167 0.552500 0.185000 0.105000
0 0.654167 0.558750 0.058333 0.162500
0 0.685000 0.472500 0.080000 0.065000
0 0.578333 0.593750 0.080000 0.122500
0 0.586667 0.643750 0.096667 0.082500
0 0.313333 0.443750 0.123333 0.087500
0 0.304167 0.466250 0.065000 0.067500
0 0.355000 0.613750 0.120000 0.122500
0 0.085000 0.400000 0.083333 0.080000
0 0.093333 0.423750 0.100000 0.077500
0 0.067500 0.498750 0.065000 0.092500
0 0.026667 0.616250 0.053333 0.052500
0 0.069167 0.752500 0.105000 0.060000
0 0.233333 0.648750 0.090000 0.087500
0 0.243333 0.815000 0.123333 0.090000
0 0.113333 0.881250 0.086667 0.162500
0 0.364167 0.835000 0.128333 0.090000
0 0.480833 0.850000 0.151667 0.085000
0 0.441667 0.951250 0.106667 0.072500
0 0.622500 0.713750 0.068333 0.082500
0 0.683333 0.707500 0.083333 0.145000
0 0.741667 0.732500 0.093333 0.140000
0 0.429167 0.447500 0.065000 0.115000
0 0.963333 0.882500 0.070000 0.065000
0 0.639167 0.115000 0.111667 0.170000