0 0.419167 0.066250 0.208333 0.087500
0 0.085833 0.211250 0.171667 0.107500
0 0.241667 0.268750 0.146667 0.092500
0 0.473333 0.518750 0.146667 0.117500
0 0.609167 0.263750 0.078333 0.212500
0 0.621667 0.363750 0.160000 0.107500
0 0.770000 0.340000 0.103333 0.160000
0 0.830833 0.296250 0.085000 0.212500
0 0.935000 0.043750 0.126667 0.062500
0 0.975833 0.645000 0.041667 0.175000
0 0.807500 0.785000 0.085000 0.210000
1 0.926667 0.757500 0.046667 0.075000
1 0.351667 0.357500 0.063333 0.070000
1 0.849167 0.507500 0.051667 0.055000
5 0.853333 0.045000 0.086667 0.090000
5 0.893333 0.463750 0.063333 0.067500