0 0.422500 0.056250 0.075000 0.112500
0 0.326667 0.158750 0.153333 0.107500
0 0.304167 0.208750 0.068333 0.097500
0 0.474167 0.250000 0.125000 0.130000
0 0.935000 0.433750 0.123333 0.107500
0 0.662500 0.397500 0.118333 0.085000
0 0.647500 0.607500 0.055000 0.200000
0 0.388333 0.545000 0.133333 0.170000
0 0.432500 0.438750 0.108333 0.122500
0 0.532500 0.591250 0.121667 0.127500
0 0.148333 0.723750 0.150000 0.087500
0 0.138333 0.787500 0.070000 0.070000
0 0.041667 0.791250 0.060000 0.212500
0 0.415000 0.910000 0.116667 0.115000
0 0.315000 0.885000 0.096667 0.115000
0 0.475000 0.678750 0.053333 0.162500
0 0.330000 0.461250 0.096667 0.092500