0 0.130000 0.082500 0.040000 0.155000
0 0.403333 0.040000 0.083333 0.080000
0 0.517500 0.103750 0.128333 0.207500
0 0.600000 0.050000 0.113333 0.100000
0 0.588333 0.271250 0.130000 0.257500
0 0.888333 0.508750 0.090000 0.242500
0 0.532500 0.742500 0.128333 0.135000
0 0.421667 0.626250 0.080000 0.287500
0 0.684167 0.806250 0.098333 0.202500
0 0.620000 0.817500 0.126667 0.110000
1 0.620833 0.848750 0.045000 0.067500
0 0.250000 0.788750 0.076667 0.217500
0 0.256667 0.848750 0.130000 0.107500
0 0.380833 0.920000 0.188333 0.110000
0 0.152500 0.780000 0.125000 0.280000
0 0.058333 0.301250 0.073333 0.197500
0 0.115000 0.243750 0.130000 0.257500
0 0.029167 0.170000 0.055000 0.100000
0 0.228333 0.518750 0.123333 0.127500
1 0.037500 0.075000 0.055000 0.065000
5 0.325833 0.255000 0.091667 0.140000