1 0.471675 0.692700 0.032417 0.050000
1 0.411333 0.594275 0.044533 0.043750
1 0.416208 0.739050 0.035550 0.048950
1 0.416667 0.657500 0.046667 0.090000
0 0.609167 0.120000 0.091667 0.090000
0 0.371667 0.056250 0.063333 0.102500
0 0.540833 0.268750 0.065000 0.182500
0 0.206667 0.165000 0.096667 0.145000
0 0.154167 0.175000 0.081667 0.110000
0 0.085000 0.132500 0.083333 0.190000
0 0.121667 0.265000 0.076667 0.125000
0 0.077500 0.465000 0.088333 0.160000
0 0.189167 0.463750 0.078333 0.177500
0 0.355000 0.630000 0.070000 0.130000
0 0.105833 0.722500 0.145000 0.080000