0 0.081667 0.076250 0.120000 0.087500
0 0.629167 0.058750 0.165000 0.102500
0 0.942500 0.062500 0.111667 0.075000
0 0.960833 0.142500 0.071667 0.085000
0 0.662500 0.297500 0.088333 0.115000
0 0.635833 0.461250 0.165000 0.102500
0 0.540000 0.512500 0.123333 0.080000
0 0.905000 0.585000 0.053333 0.170000
0 0.888333 0.557500 0.040000 0.210000
0 0.784167 0.822500 0.131667 0.130000
0 0.730833 0.943750 0.165000 0.107500
0 0.924167 0.827500 0.131667 0.175000
0 0.950833 0.895000 0.095000 0.050000
0 0.590833 0.947500 0.055000 0.095000
0 0.551667 0.963750 0.053333 0.062500
0 0.192500 0.862500 0.111667 0.150000
0 0.296667 0.690000 0.096667 0.200000
0 0.426667 0.803750 0.066667 0.147500
0 0.195000 0.621250 0.106667 0.112500
0 0.098333 0.400000 0.180000 0.100000
0 0.172500 0.388750 0.115000 0.087500
0 0.064167 0.407500 0.095000 0.065000
4 0.085000 0.777500 0.103333 0.160000
1 0.320000 0.400000 0.053333 0.080000
1 0.451667 0.132500 0.053333 0.060000
1 0.462500 0.193750 0.051667 0.062500
1 0.506667 0.222500 0.046667 0.075000
4 0.512500 0.408750 0.055000 0.082500
1 0.824167 0.511250 0.051667 0.072500
1 0.761667 0.955000 0.040000 0.070000
1 0.615833 0.745000 0.055000 0.070000
1 0.486667 0.966250 0.046667 0.062500