0 0.257500 0.045000 0.028333 0.090000
0 0.278333 0.057500 0.046667 0.115000
0 0.376667 0.247500 0.043333 0.270000
0 0.293333 0.226250 0.083333 0.152500
0 0.293333 0.361250 0.120000 0.057500
0 0.080833 0.335000 0.078333 0.150000
0 0.233333 0.540000 0.150000 0.120000
0 0.354167 0.455000 0.051667 0.110000
0 0.461667 0.410000 0.090000 0.120000
0 0.466667 0.262500 0.100000 0.075000
0 0.545833 0.217500 0.055000 0.205000
0 0.705000 0.186250 0.086667 0.147500
0 0.730833 0.556250 0.131667 0.107500
0 0.590000 0.751250 0.110000 0.122500
0 0.516667 0.912500 0.073333 0.120000
0 0.605833 0.891250 0.125000 0.077500
0 0.779167 0.898750 0.121667 0.077500
0 0.909167 0.821250 0.055000 0.097500
0 0.947500 0.906250 0.091667 0.087500
0 0.945000 0.683750 0.103333 0.052500
0 0.955000 0.613750 0.086667 0.047500
0 0.945833 0.526250 0.105000 0.087500
1 0.030833 0.850000 0.051667 0.060000