0 0.104167 0.247500 0.028333 0.195000
0 0.115000 0.415000 0.096667 0.190000
0 0.023333 0.352500 0.043333 0.055000
0 0.020833 0.165000 0.038333 0.050000
0 0.030833 0.666250 0.058333 0.107500
0 0.210000 0.691250 0.100000 0.097500
0 0.166667 0.922500 0.053333 0.150000
0 0.396667 0.815000 0.076667 0.270000
0 0.502500 0.927500 0.128333 0.045000
0 0.510833 0.891250 0.098333 0.122500
0 0.616667 0.913750 0.093333 0.107500
0 0.675833 0.912500 0.095000 0.165000
1 0.612500 0.962500 0.065000 0.070000
0 0.873333 0.700000 0.100000 0.230000
0 0.590833 0.431250 0.071667 0.232500
0 0.629167 0.157500 0.098333 0.265000
0 0.525000 0.160000 0.096667 0.200000
0 0.380000 0.148750 0.036667 0.232500
5 0.323333 0.267500 0.086667 0.105000