0 0.060833 0.455000 0.098333 0.150000
0 0.335833 0.456250 0.168333 0.097500
0 0.161667 0.193750 0.093333 0.257500
0 0.198333 0.582500 0.140000 0.085000
0 0.170833 0.741250 0.111667 0.162500
0 0.597500 0.870000 0.081667 0.150000
0 0.560000 0.896250 0.040000 0.127500
0 0.801667 0.577500 0.093333 0.110000
0 0.835000 0.648750 0.093333 0.182500
0 0.965000 0.661250 0.050000 0.127500
0 0.922500 0.405000 0.138333 0.130000
0 0.803333 0.397500 0.063333 0.170000
0 0.901667 0.268750 0.120000 0.082500
0 0.799167 0.180000 0.098333 0.125000
0 0.708333 0.253750 0.120000 0.087500
0 0.709167 0.107500 0.055000 0.090000
0 0.598333 0.141250 0.116667 0.107500
5 0.267500 0.221250 0.048333 0.097500
1 0.393333 0.505000 0.050000 0.070000