0 0.040833 0.083750 0.078333 0.032500
0 0.033333 0.025000 0.053333 0.050000
0 0.116667 0.325000 0.126667 0.200000
0 0.035833 0.361250 0.058333 0.177500
0 0.037500 0.518750 0.071667 0.097500
0 0.089167 0.550000 0.111667 0.105000
0 0.084167 0.610000 0.061667 0.165000
0 0.119167 0.721250 0.051667 0.237500
0 0.073333 0.927500 0.110000 0.055000
0 0.113333 0.873750 0.140000 0.117500
0 0.260833 0.832500 0.061667 0.210000
0 0.270833 0.700000 0.088333 0.240000
0 0.329167 0.592500 0.098333 0.125000
0 0.263333 0.398750 0.086667 0.117500
0 0.401667 0.211250 0.223333 0.072500
0 0.351667 0.220000 0.066667 0.220000
0 0.441667 0.368750 0.076667 0.132500
0 0.562500 0.371250 0.158333 0.102500
0 0.548333 0.253750 0.063333 0.117500
0 0.534167 0.128750 0.171667 0.062500
0 0.739167 0.161250 0.081667 0.122500
0 0.782500 0.243750 0.128333 0.127500
0 0.669167 0.286250 0.081667 0.122500
0 0.733333 0.381250 0.100000 0.162500
0 0.658333 0.411250 0.063333 0.162500
0 0.362500 0.051250 0.118333 0.097500
0 0.830000 0.492500 0.130000 0.185000
0 0.877500 0.517500 0.031667 0.065000
0 0.927500 0.432500 0.058333 0.155000
0 0.945000 0.471250 0.103333 0.112500
0 0.760000 0.491250 0.133333 0.102500
0 0.864167 0.628750 0.098333 0.077500
0 0.843333 0.740000 0.073333 0.200000
0 0.881667 0.798750 0.136667 0.162500
0 0.856667 0.907500 0.103333 0.145000
0 0.820000 0.711250 0.226667 0.137500
0 0.530833 0.485000 0.061667 0.235000
0 0.448333 0.530000 0.120000 0.170000
0 0.396667 0.628750 0.073333 0.157500
0 0.380000 0.643750 0.106667 0.157500
0 0.360000 0.782500 0.093333 0.085000
0 0.593333 0.883750 0.080000 0.102500
0 0.502500 0.913750 0.148333 0.112500