0 0.157500 0.065000 0.048333 0.095000
0 0.109167 0.217500 0.038333 0.150000
0 0.106667 0.440000 0.106667 0.205000
0 0.020833 0.367500 0.038333 0.065000
1 0.026667 0.295000 0.050000 0.065000
0 0.035000 0.661250 0.066667 0.087500
0 0.205000 0.713750 0.100000 0.122500
0 0.164167 0.926250 0.055000 0.127500
0 0.395000 0.812500 0.070000 0.270000
0 0.496667 0.925000 0.133333 0.060000
0 0.516667 0.896250 0.073333 0.097500
0 0.605000 0.927500 0.080000 0.105000
0 0.667500 0.913750 0.091667 0.132500
0 0.607500 0.970000 0.065000 0.055000
0 0.879167 0.705000 0.085000 0.240000
0 0.589167 0.443750 0.095000 0.207500
0 0.630000 0.161250 0.096667 0.232500
0 0.526667 0.193750 0.113333 0.232500
0 0.375833 0.165000 0.041667 0.215000
5 0.317500 0.262500 0.088333 0.130000