0 0.078333 0.113750 0.153333 0.142500
0 0.229167 0.128750 0.121667 0.122500
0 0.295833 0.215000 0.058333 0.170000
0 0.380833 0.256250 0.118333 0.212500
0 0.687500 0.452500 0.148333 0.240000
0 0.919167 0.188750 0.128333 0.142500
0 0.230833 0.618750 0.065000 0.157500
0 0.195000 0.680000 0.133333 0.105000
0 0.102500 0.647500 0.065000 0.155000
0 0.104167 0.827500 0.191667 0.070000
0 0.191667 0.951250 0.156667 0.087500
0 0.530000 0.815000 0.126667 0.090000
0 0.569167 0.813750 0.095000 0.147500
0 0.706667 0.815000 0.063333 0.070000
0 0.791667 0.892500 0.153333 0.065000