0 0.050000 0.076250 0.066667 0.102500
0 0.168333 0.031250 0.073333 0.057500
0 0.133333 0.213750 0.110000 0.127500
0 0.059167 0.187500 0.031667 0.065000
0 0.421667 0.206250 0.096667 0.057500
0 0.346667 0.261250 0.036667 0.192500
0 0.361667 0.312500 0.033333 0.125000
0 0.318333 0.267500 0.063333 0.065000
0 0.441667 0.348750 0.063333 0.107500
0 0.506667 0.391250 0.073333 0.057500
0 0.558333 0.185000 0.123333 0.095000
0 0.748333 0.133750 0.176667 0.052500
0 0.901667 0.086250 0.096667 0.167500
0 0.790833 0.225000 0.148333 0.070000
0 0.711667 0.298750 0.066667 0.177500
0 0.610000 0.396250 0.103333 0.107500
0 0.637500 0.526250 0.085000 0.122500
0 0.688333 0.498750 0.043333 0.137500
0 0.745000 0.447500 0.090000 0.170000
0 0.792500 0.417500 0.128333 0.080000
0 0.848333 0.481250 0.096667 0.142500
0 0.954167 0.351250 0.061667 0.117500
0 0.952500 0.481250 0.071667 0.097500
0 0.942500 0.563750 0.061667 0.052500
0 0.925000 0.671250 0.053333 0.092500
0 0.885833 0.773750 0.081667 0.187500
0 0.800000 0.663750 0.060000 0.192500
0 0.732500 0.662500 0.075000 0.160000
0 0.792500 0.856250 0.041667 0.162500
0 0.855000 0.946250 0.050000 0.102500
0 0.556667 0.692500 0.080000 0.135000
0 0.489167 0.831250 0.071667 0.192500
0 0.490000 0.546250 0.063333 0.187500
0 0.439167 0.602500 0.075000 0.135000
0 0.245833 0.653750 0.138333 0.112500
0 0.310000 0.911250 0.120000 0.107500
0 0.165833 0.842500 0.075000 0.240000
0 0.095000 0.612500 0.146667 0.115000
0 0.020000 0.737500 0.036667 0.160000