0 0.071667 0.248750 0.066667 0.102500
0 0.020833 0.346250 0.028333 0.137500
0 0.188333 0.506250 0.130000 0.142500
0 0.187500 0.688750 0.061667 0.127500
0 0.155000 0.825000 0.076667 0.100000
0 0.185833 0.915000 0.075000 0.150000
0 0.231667 0.937500 0.046667 0.095000
0 0.117500 0.962500 0.018333 0.065000
0 0.086667 0.932500 0.043333 0.125000
0 0.396667 0.767500 0.083333 0.145000
0 0.399167 0.693750 0.045000 0.117500
1 0.358333 0.650000 0.040000 0.080000
0 0.350000 0.591250 0.116667 0.057500
0 0.331667 0.491250 0.073333 0.117500
0 0.304167 0.373750 0.058333 0.112500
0 0.330833 0.135000 0.078333 0.150000
0 0.425000 0.297500 0.153333 0.135000
0 0.425833 0.437500 0.111667 0.095000
0 0.474167 0.377500 0.035000 0.160000
0 0.592500 0.147500 0.135000 0.035000
0 0.585000 0.138750 0.060000 0.162500
0 0.569167 0.237500 0.061667 0.160000
0 0.741667 0.175000 0.080000 0.125000
0 0.795000 0.253750 0.080000 0.137500
0 0.810833 0.413750 0.071667 0.187500
0 0.729167 0.517500 0.105000 0.165000
0 0.749167 0.400000 0.025000 0.100000
0 0.868333 0.535000 0.100000 0.180000
0 0.804167 0.642500 0.091667 0.115000
0 0.919167 0.610000 0.098333 0.140000
0 0.959167 0.720000 0.071667 0.100000
0 0.890833 0.878750 0.108333 0.122500
0 0.933333 0.855000 0.090000 0.120000
0 0.782500 0.951250 0.068333 0.087500
0 0.745833 0.837500 0.065000 0.165000
0 0.651667 0.897500 0.070000 0.170000
0 0.514167 0.567500 0.158333 0.125000
0 0.603333 0.573750 0.093333 0.092500
0 0.644167 0.637500 0.101667 0.065000
0 0.657500 0.690000 0.101667 0.080000
0 0.475833 0.712500 0.081667 0.145000