0 0.076667 0.102500 0.050000 0.105000
0 0.037500 0.042500 0.071667 0.070000
0 0.113333 0.173750 0.066667 0.092500
0 0.321667 0.097500 0.036667 0.195000
0 0.340833 0.068750 0.058333 0.057500
0 0.520833 0.075000 0.085000 0.150000
0 0.514167 0.165000 0.078333 0.110000
0 0.805000 0.036250 0.076667 0.072500
0 0.950833 0.118750 0.091667 0.027500
0 0.868333 0.501250 0.130000 0.202500
0 0.729167 0.522500 0.071667 0.200000
0 0.722500 0.411250 0.088333 0.087500
0 0.650833 0.415000 0.055000 0.125000
0 0.623333 0.535000 0.073333 0.150000
0 0.563333 0.470000 0.106667 0.130000
0 0.516667 0.457500 0.083333 0.065000
0 0.449167 0.348750 0.118333 0.062500
0 0.398333 0.427500 0.090000 0.110000
0 0.385833 0.505000 0.058333 0.210000
0 0.315833 0.498750 0.065000 0.142500
0 0.304167 0.626250 0.045000 0.172500
0 0.215000 0.595000 0.113333 0.120000
0 0.167500 0.518750 0.101667 0.047500
0 0.121667 0.455000 0.066667 0.110000
0 0.235000 0.436250 0.090000 0.072500
0 0.050000 0.687500 0.066667 0.065000
0 0.048333 0.795000 0.083333 0.045000
0 0.331667 0.781250 0.076667 0.077500
0 0.482500 0.897500 0.071667 0.195000
0 0.636667 0.833750 0.113333 0.132500
0 0.833333 0.738750 0.120000 0.077500
0 0.821667 0.656250 0.090000 0.092500
0 0.903333 0.818750 0.083333 0.117500
0 0.798333 0.938750 0.036667 0.117500
0 0.381667 0.232500 0.123333 0.055000