0 0.071667 0.250000 0.066667 0.140000
0 0.087500 0.135000 0.128333 0.185000
0 0.075000 0.361250 0.033333 0.072500
0 0.059167 0.445000 0.111667 0.110000
0 0.223333 0.321250 0.066667 0.117500
0 0.263333 0.317500 0.093333 0.065000
0 0.240833 0.316250 0.178333 0.117500
0 0.168333 0.048750 0.053333 0.092500
4 0.335833 0.542500 0.091667 0.145000
0 0.094167 0.572500 0.085000 0.120000
0 0.107500 0.685000 0.121667 0.130000
0 0.217500 0.775000 0.091667 0.310000
0 0.274167 0.937500 0.098333 0.110000
0 0.527500 0.822500 0.091667 0.060000
0 0.702500 0.881250 0.118333 0.162500
0 0.694167 0.743750 0.098333 0.132500
0 0.763333 0.223750 0.106667 0.172500
0 0.897500 0.291250 0.105000 0.137500
0 0.898333 0.185000 0.130000 0.095000
0 0.567500 0.425000 0.165000 0.185000
0 0.973333 0.775000 0.040000 0.170000
0 0.880000 0.447500 0.126667 0.165000
1 0.830000 0.918750 0.053333 0.062500
1 0.705833 0.637500 0.068333 0.085000
1 0.588333 0.841250 0.046667 0.077500
1 0.316667 0.411250 0.053333 0.097500
1 0.023333 0.312500 0.043333 0.045000
1 0.505833 0.112500 0.045000 0.050000
1 0.676667 0.268750 0.053333 0.097500
1 0.784167 0.352500 0.045000 0.070000
1 0.686667 0.018750 0.060000 0.037500