0 0.064167 0.105000 0.128333 0.055000
0 0.240833 0.235000 0.091667 0.190000
0 0.498333 0.063750 0.103333 0.097500
0 0.411667 0.320000 0.136667 0.120000
0 0.661667 0.141250 0.116667 0.042500
0 0.916667 0.105000 0.086667 0.150000
0 0.738333 0.402500 0.050000 0.235000
0 0.673333 0.427500 0.040000 0.265000
0 0.592500 0.351250 0.101667 0.092500
0 0.595000 0.466250 0.080000 0.122500
0 0.542500 0.510000 0.048333 0.200000
0 0.053333 0.398750 0.053333 0.107500
0 0.103333 0.440000 0.100000 0.175000
0 0.147500 0.437500 0.091667 0.055000
0 0.220000 0.478750 0.066667 0.112500
0 0.307500 0.453750 0.081667 0.067500
0 0.360000 0.506250 0.086667 0.082500
0 0.329167 0.533750 0.058333 0.092500
0 0.413333 0.670000 0.060000 0.160000
0 0.492500 0.681250 0.071667 0.137500
0 0.247500 0.622500 0.125000 0.105000
0 0.323333 0.672500 0.060000 0.120000
0 0.204167 0.743750 0.141667 0.067500
0 0.055000 0.803750 0.076667 0.202500
0 0.201667 0.842500 0.070000 0.055000
0 0.241667 0.913750 0.116667 0.072500
0 0.344167 0.866250 0.101667 0.077500
0 0.318333 0.955000 0.076667 0.080000
0 0.575000 0.730000 0.050000 0.120000
0 0.591667 0.817500 0.153333 0.130000
0 0.972500 0.897500 0.051667 0.095000
0 0.926667 0.875000 0.053333 0.130000