1 0.471683 0.692187 0.031633 0.047925
1 0.117408 0.250925 0.040383 0.058600
1 0.417183 0.668500 0.057033 0.077600
1 0.405767 0.596087 0.036133 0.043225
1 0.416900 0.740100 0.034967 0.048950
0 0.353333 0.615000 0.070000 0.090000
0 0.175833 0.528750 0.108333 0.137500
0 0.172500 0.355000 0.151667 0.130000
0 0.141667 0.293750 0.066667 0.162500
0 0.074167 0.121250 0.068333 0.117500
0 0.309167 0.290000 0.105000 0.145000
0 0.457500 0.301250 0.111667 0.147500
0 0.460000 0.268750 0.063333 0.197500
0 0.619167 0.430000 0.175000 0.065000
0 0.796667 0.411250 0.063333 0.162500
0 0.890833 0.287500 0.085000 0.120000