1 0.143333 0.127500 0.096667 0.115000
0 0.074167 0.143750 0.105000 0.127500
0 0.529167 0.082500 0.168333 0.075000
0 0.599167 0.058750 0.155000 0.077500
0 0.694167 0.038750 0.048333 0.077500
0 0.807500 0.181250 0.095000 0.232500
0 0.667500 0.292500 0.145000 0.200000
0 0.610000 0.362500 0.086667 0.130000
0 0.596667 0.438750 0.143333 0.082500
0 0.549167 0.431250 0.051667 0.222500
0 0.467500 0.433750 0.065000 0.327500
0 0.359167 0.593750 0.101667 0.267500
0 0.294167 0.795000 0.081667 0.250000
0 0.305833 0.462500 0.085000 0.195000
0 0.146667 0.438750 0.136667 0.197500
0 0.210833 0.200000 0.108333 0.185000
0 0.072500 0.625000 0.145000 0.170000
0 0.111667 0.773750 0.076667 0.242500
0 0.145000 0.831250 0.060000 0.102500
0 0.210833 0.948750 0.058333 0.097500
0 0.805000 0.738750 0.043333 0.227500
0 0.805833 0.525000 0.121667 0.170000
0 0.750000 0.411250 0.096667 0.192500
1 0.760000 0.823750 0.063333 0.112500