0 0.876175 0.800250 0.035150 0.233850
0 0.577733 0.792975 0.116400 0.091150
0 0.641992 0.170387 0.037117 0.017325
0 0.527500 0.141250 0.161667 0.162500
0 0.375833 0.192500 0.098333 0.095000
0 0.393333 0.101250 0.106667 0.072500
0 0.267500 0.081250 0.095000 0.137500
0 0.374167 0.232500 0.135000 0.135000
0 0.318333 0.310000 0.113333 0.195000
0 0.183333 0.365000 0.086667 0.185000
0 0.180000 0.461250 0.120000 0.222500
0 0.072500 0.422500 0.121667 0.095000
0 0.434167 0.556250 0.121667 0.182500
0 0.354167 0.658750 0.095000 0.272500
0 0.707500 0.625000 0.155000 0.070000
0 0.725000 0.785000 0.133333 0.260000
0 0.937500 0.647500 0.058333 0.180000
0 0.943333 0.245000 0.100000 0.110000
0 0.309167 0.943750 0.115000 0.092500
0 0.483333 0.962500 0.103333 0.065000
0 0.514167 0.262500 0.065000 0.175000
0 0.760833 0.373750 0.131667 0.087500
0 0.685833 0.425000 0.055000 0.165000
1 0.623333 0.330000 0.053333 0.120000
1 0.568333 0.560000 0.076667 0.120000
1 0.459167 0.693750 0.078333 0.067500
1 0.976667 0.085000 0.043333 0.070000
1 0.942500 0.070000 0.045000 0.080000
4 0.763333 0.432500 0.073333 0.085000