0 0.305000 0.061250 0.140000 0.057500
1 0.274167 0.177500 0.065000 0.090000
0 0.140833 0.285000 0.225000 0.050000
0 0.192500 0.343750 0.075000 0.067500
0 0.122500 0.396250 0.055000 0.217500
0 0.349167 0.228750 0.055000 0.227500
0 0.465000 0.101250 0.046667 0.162500
0 0.605833 0.220000 0.061667 0.070000
0 0.628333 0.325000 0.053333 0.090000
0 0.520833 0.422500 0.135000 0.085000
0 0.777500 0.487500 0.021667 0.195000
0 0.852500 0.572500 0.081667 0.225000
1 0.738333 0.620000 0.046667 0.070000
0 0.638333 0.641250 0.053333 0.162500
0 0.850000 0.827500 0.083333 0.155000
0 0.913333 0.820000 0.083333 0.125000
0 0.298333 0.940000 0.080000 0.075000
0 0.383333 0.833750 0.106667 0.147500
0 0.045000 0.860000 0.080000 0.220000