0 0.020833 0.143750 0.038333 0.092500
0 0.071667 0.371250 0.116667 0.162500
0 0.396667 0.195000 0.046667 0.185000
0 0.550000 0.032500 0.130000 0.060000
0 0.463333 0.591250 0.133333 0.117500
0 0.845000 0.305000 0.073333 0.150000
0 0.838333 0.241250 0.140000 0.052500
1 0.309167 0.458750 0.051667 0.102500
0 0.124167 0.901250 0.098333 0.117500
0 0.793333 0.682500 0.030000 0.055000
1 0.795000 0.132500 0.046667 0.070000
1 0.575833 0.107500 0.068333 0.100000
1 0.591667 0.903750 0.060000 0.072500
1 0.763333 0.658750 0.050000 0.077500
3 0.357500 0.847500 0.025000 0.045000
3 0.545000 0.712500 0.036667 0.045000
3 0.306667 0.625000 0.036667 0.050000