0 0.341667 0.161250 0.126667 0.092500
0 0.361667 0.075000 0.063333 0.150000
0 0.423333 0.138750 0.080000 0.092500
0 0.460833 0.378750 0.101667 0.092500
0 0.446667 0.301250 0.073333 0.167500
0 0.931667 0.220000 0.130000 0.080000
0 0.789167 0.661250 0.085000 0.102500
0 0.654167 0.645000 0.055000 0.200000
0 0.935833 0.796250 0.088333 0.132500
0 0.484167 0.931250 0.095000 0.132500
0 0.165000 0.883750 0.096667 0.112500
0 0.069167 0.586250 0.051667 0.152500
3 0.791667 0.843750 0.033333 0.047500
3 0.839167 0.548750 0.035000 0.042500
1 0.970000 0.288750 0.056667 0.062500
5 0.863333 0.041250 0.036667 0.062500