0 0.153333 0.107500 0.103333 0.095000
0 0.256667 0.205000 0.080000 0.210000
0 0.335833 0.261250 0.115000 0.102500
0 0.482500 0.285000 0.151667 0.100000
0 0.509167 0.396250 0.058333 0.077500
0 0.154167 0.322500 0.095000 0.200000
0 0.060000 0.345000 0.076667 0.130000
0 0.094167 0.546250 0.091667 0.147500
0 0.020000 0.612500 0.036667 0.075000
0 0.242500 0.607500 0.091667 0.140000
0 0.434167 0.580000 0.111667 0.125000
0 0.490833 0.090000 0.098333 0.120000
0 0.721667 0.308750 0.113333 0.197500
0 0.725000 0.231250 0.046667 0.077500
0 0.861667 0.111250 0.066667 0.117500
0 0.933333 0.190000 0.103333 0.120000
0 0.938333 0.267500 0.050000 0.125000
0 0.982500 0.321250 0.028333 0.037500
0 0.895000 0.486250 0.110000 0.112500
0 0.815833 0.451250 0.081667 0.127500
0 0.755000 0.521250 0.086667 0.182500
0 0.679167 0.551250 0.058333 0.157500
0 0.710000 0.667500 0.070000 0.155000
0 0.620000 0.613750 0.083333 0.157500
0 0.594167 0.416250 0.125000 0.132500
0 0.561667 0.743750 0.126667 0.122500
0 0.571667 0.798750 0.113333 0.062500
0 0.964167 0.838750 0.061667 0.157500
0 0.976667 0.762500 0.043333 0.185000
0 0.941667 0.686250 0.080000 0.182500
0 0.915833 0.907500 0.161667 0.170000
0 0.327500 0.845000 0.091667 0.115000
0 0.171667 0.877500 0.106667 0.145000
0 0.402500 0.815000 0.108333 0.210000
0 0.584167 0.940000 0.121667 0.055000
0 0.389167 0.081250 0.095000 0.162500