0 0.142500 0.197500 0.098333 0.245000
0 0.335833 0.460000 0.175000 0.100000
0 0.045833 0.481250 0.081667 0.177500
0 0.184167 0.597500 0.121667 0.085000
0 0.150000 0.746250 0.093333 0.192500
0 0.663333 0.472500 0.110000 0.145000
0 0.727500 0.541250 0.088333 0.087500
0 0.909167 0.408750 0.148333 0.127500
0 0.874167 0.300000 0.108333 0.070000
0 0.806667 0.352500 0.036667 0.185000
0 0.685000 0.287500 0.113333 0.085000
0 0.607500 0.130000 0.108333 0.120000
0 0.697500 0.113750 0.048333 0.107500
0 0.840000 0.668750 0.103333 0.182500
0 0.623333 0.957500 0.046667 0.075000
0 0.549167 0.912500 0.045000 0.120000
1 0.376667 0.513750 0.043333 0.067500
5 0.271667 0.227500 0.050000 0.065000
3 0.456667 0.178750 0.030000 0.057500