0 0.060000 0.136250 0.106667 0.087500
0 0.138333 0.180000 0.066667 0.100000
0 0.209167 0.057500 0.048333 0.115000
0 0.207500 0.102500 0.111667 0.045000
0 0.509167 0.080000 0.095000 0.140000
0 0.615833 0.171250 0.078333 0.062500
0 0.645833 0.148750 0.055000 0.162500
0 0.754167 0.218750 0.101667 0.092500
0 0.763333 0.058750 0.020000 0.117500
0 0.809167 0.080000 0.051667 0.160000
0 0.910000 0.145000 0.113333 0.115000
0 0.886667 0.125000 0.080000 0.080000
0 0.930000 0.255000 0.083333 0.115000
0 0.751667 0.358750 0.133333 0.047500
0 0.561667 0.471250 0.036667 0.147500
0 0.532500 0.500000 0.041667 0.120000
0 0.460833 0.382500 0.028333 0.220000
0 0.355833 0.343750 0.098333 0.147500
0 0.260000 0.353750 0.043333 0.112500
0 0.228333 0.350000 0.050000 0.140000
0 0.053333 0.307500 0.093333 0.100000
0 0.089167 0.620000 0.068333 0.080000
0 0.064167 0.693750 0.035000 0.072500
0 0.116667 0.735000 0.113333 0.060000
0 0.165000 0.685000 0.076667 0.090000
0 0.258333 0.588750 0.116667 0.212500
0 0.429167 0.598750 0.111667 0.142500
0 0.440833 0.685000 0.058333 0.150000
0 0.331667 0.868750 0.116667 0.117500
0 0.165833 0.796250 0.125000 0.077500
0 0.598333 0.717500 0.123333 0.075000
0 0.446667 0.830000 0.073333 0.220000
0 0.665000 0.695000 0.083333 0.110000
0 0.682500 0.740000 0.071667 0.120000
0 0.635833 0.606250 0.081667 0.052500
0 0.655000 0.531250 0.073333 0.072500
0 0.745000 0.552500 0.096667 0.075000
0 0.897500 0.546250 0.061667 0.067500
0 0.843333 0.653750 0.126667 0.077500
0 0.939167 0.736250 0.098333 0.117500
0 0.851667 0.776250 0.080000 0.212500
0 0.793333 0.842500 0.056667 0.115000
0 0.751667 0.833750 0.083333 0.127500
0 0.817500 0.921250 0.118333 0.027500