0 0.069167 0.040000 0.135000 0.070000
0 0.065000 0.170000 0.110000 0.040000
0 0.064167 0.202500 0.078333 0.125000
0 0.097500 0.280000 0.025000 0.145000
0 0.116667 0.361250 0.120000 0.162500
0 0.034167 0.435000 0.061667 0.090000
0 0.123333 0.491250 0.133333 0.097500
0 0.240833 0.213750 0.048333 0.182500
0 0.182500 0.148750 0.108333 0.122500
0 0.246667 0.075000 0.046667 0.105000
0 0.279167 0.152500 0.035000 0.230000
0 0.326667 0.055000 0.086667 0.070000
0 0.490833 0.080000 0.165000 0.090000
0 0.490833 0.198750 0.121667 0.112500
0 0.433333 0.296250 0.103333 0.147500
0 0.350000 0.285000 0.106667 0.200000
0 0.458333 0.420000 0.096667 0.120000
0 0.381667 0.450000 0.070000 0.100000
0 0.432500 0.528750 0.078333 0.102500
0 0.485000 0.562500 0.086667 0.085000
0 0.418333 0.605000 0.123333 0.060000
0 0.392500 0.677500 0.065000 0.105000
0 0.312500 0.628750 0.078333 0.142500
0 0.623333 0.316250 0.093333 0.187500
0 0.613333 0.537500 0.086667 0.155000
0 0.723333 0.551250 0.066667 0.137500
0 0.648333 0.056250 0.066667 0.107500
0 0.703333 0.153750 0.093333 0.082500
0 0.790000 0.172500 0.080000 0.125000
0 0.855000 0.121250 0.023333 0.167500
0 0.877500 0.111250 0.105000 0.082500
0 0.936667 0.442500 0.113333 0.125000
0 0.782500 0.367500 0.078333 0.165000
0 0.885000 0.687500 0.116667 0.100000
0 0.711667 0.787500 0.110000 0.065000
0 0.925833 0.737500 0.081667 0.115000
0 0.971667 0.760000 0.046667 0.100000
0 0.950833 0.963750 0.095000 0.062500
0 0.806667 0.926250 0.080000 0.132500
0 0.565833 0.806250 0.138333 0.107500
0 0.425000 0.811250 0.076667 0.127500
0 0.370000 0.846250 0.053333 0.127500
0 0.371667 0.758750 0.113333 0.067500
0 0.290000 0.752500 0.090000 0.115000
0 0.217500 0.836250 0.155000 0.107500
0 0.355000 0.942500 0.050000 0.110000