0 0.161667 0.413750 0.060000 0.262500
0 0.317500 0.486250 0.085000 0.087500
0 0.245000 0.606250 0.086667 0.097500
0 0.284167 0.645000 0.105000 0.230000
0 0.155000 0.832500 0.070000 0.065000
0 0.124167 0.927500 0.115000 0.140000
0 0.077500 0.957500 0.085000 0.045000
0 0.966667 0.637500 0.063333 0.170000
0 0.918333 0.302500 0.073333 0.085000
0 0.750833 0.546250 0.181667 0.132500
0 0.648333 0.402500 0.053333 0.155000
0 0.625833 0.480000 0.045000 0.140000
0 0.528333 0.205000 0.050000 0.095000
0 0.532500 0.151250 0.058333 0.132500
0 0.651667 0.156250 0.160000 0.132500
3 0.732500 0.326250 0.035000 0.052500