0 0.171667 0.202500 0.070000 0.140000
0 0.378333 0.270000 0.130000 0.100000
0 0.373333 0.313750 0.100000 0.182500
0 0.420833 0.145000 0.088333 0.125000
0 0.577500 0.272500 0.161667 0.070000
0 0.666667 0.141250 0.086667 0.102500
0 0.825833 0.033750 0.038333 0.067500
0 0.779167 0.617500 0.145000 0.085000
0 0.807500 0.510000 0.128333 0.100000
0 0.912500 0.545000 0.101667 0.170000
0 0.519167 0.541250 0.165000 0.067500
0 0.206667 0.416250 0.113333 0.167500
0 0.090000 0.491250 0.070000 0.197500
0 0.066667 0.331250 0.053333 0.197500
0 0.035000 0.463750 0.063333 0.087500
0 0.440000 0.922500 0.113333 0.105000
0 0.374167 0.852500 0.138333 0.090000
0 0.152500 0.891250 0.085000 0.182500
0 0.676667 0.966250 0.136667 0.062500
1 0.080000 0.873750 0.046667 0.087500
1 0.610000 0.333750 0.053333 0.052500
1 0.223333 0.066250 0.053333 0.052500