0 0.146667 0.130000 0.036667 0.055000
0 0.013333 0.210000 0.026667 0.240000
0 0.016667 0.493750 0.033333 0.052500
0 0.025833 0.412500 0.048333 0.130000
0 0.103333 0.380000 0.116667 0.135000
0 0.180833 0.376250 0.111667 0.067500
0 0.120000 0.381250 0.076667 0.102500
1 0.318333 0.408750 0.050000 0.077500
0 0.689167 0.032500 0.191667 0.045000
0 0.802500 0.303750 0.168333 0.192500
0 0.697500 0.496250 0.118333 0.187500
0 0.678333 0.326250 0.093333 0.182500
0 0.672500 0.567500 0.068333 0.185000
0 0.916667 0.648750 0.056667 0.262500
0 0.943333 0.601250 0.103333 0.192500
0 0.800833 0.886250 0.168333 0.112500
0 0.960833 0.848750 0.071667 0.082500
0 0.613333 0.962500 0.036667 0.065000
0 0.550833 0.946250 0.041667 0.102500
0 0.573333 0.815000 0.130000 0.130000
0 0.463333 0.782500 0.063333 0.185000
0 0.553333 0.590000 0.073333 0.150000
0 0.546667 0.473750 0.133333 0.097500
0 0.448333 0.541250 0.140000 0.052500
0 0.120000 0.645000 0.120000 0.100000
0 0.120000 0.892500 0.056667 0.210000
0 0.208333 0.947500 0.073333 0.100000
1 0.525833 0.125000 0.041667 0.070000
1 0.551667 0.177500 0.053333 0.045000
1 0.574167 0.370000 0.058333 0.065000
1 0.864167 0.480000 0.045000 0.060000
1 0.638333 0.728750 0.050000 0.062500
4 0.170000 0.730000 0.103333 0.120000
1 0.515833 0.955000 0.045000 0.070000
1 0.469167 0.131250 0.045000 0.057500
1 0.782500 0.945000 0.035000 0.065000