0 0.560833 0.223750 0.145000 0.242500
0 0.587500 0.133750 0.125000 0.192500
0 0.118333 0.183750 0.086667 0.267500
0 0.113333 0.071250 0.046667 0.082500
0 0.356667 0.567500 0.093333 0.145000
0 0.304167 0.567500 0.148333 0.100000
0 0.060833 0.648750 0.115000 0.157500
0 0.059167 0.795000 0.115000 0.110000
0 0.063333 0.920000 0.050000 0.145000
0 0.455833 0.825000 0.108333 0.205000
0 0.654167 0.700000 0.135000 0.160000
0 0.850833 0.883750 0.091667 0.227500
0 0.984167 0.735000 0.028333 0.050000
1 0.712500 0.118750 0.048333 0.077500
1 0.107500 0.208750 0.045000 0.072500
1 0.059167 0.317500 0.058333 0.075000
3 0.726667 0.815000 0.030000 0.040000
3 0.280000 0.961250 0.043333 0.052500