0 0.438333 0.026250 0.070000 0.052500
0 0.133333 0.116250 0.076667 0.187500
0 0.036667 0.297500 0.070000 0.130000
0 0.411667 0.331250 0.086667 0.157500
0 0.333333 0.461250 0.190000 0.127500
0 0.412500 0.593750 0.071667 0.182500
0 0.142500 0.605000 0.041667 0.070000
0 0.056667 0.677500 0.090000 0.130000
0 0.096667 0.820000 0.090000 0.200000
0 0.226667 0.845000 0.110000 0.130000
0 0.412500 0.905000 0.121667 0.105000
0 0.780833 0.745000 0.098333 0.095000
0 0.948333 0.702500 0.066667 0.135000
0 0.789167 0.547500 0.131667 0.175000
0 0.756667 0.465000 0.103333 0.115000
0 0.715833 0.812500 0.078333 0.125000
0 0.911667 0.298750 0.160000 0.062500
0 0.631667 0.342500 0.070000 0.160000
0 0.684167 0.318750 0.048333 0.212500
0 0.811667 0.225000 0.160000 0.075000
0 0.605833 0.133750 0.111667 0.117500
0 0.163333 0.312500 0.063333 0.095000
5 0.269167 0.225000 0.038333 0.075000
3 0.454167 0.180000 0.018333 0.040000
1 0.261667 0.655000 0.066667 0.090000