0 0.039167 0.310000 0.058333 0.200000
0 0.166667 0.348750 0.140000 0.137500
0 0.178333 0.348750 0.086667 0.117500
0 0.221667 0.347500 0.136667 0.065000
0 0.475833 0.151250 0.108333 0.122500
0 0.106667 0.062500 0.053333 0.100000
0 0.060833 0.167500 0.105000 0.195000
0 0.173333 0.701250 0.046667 0.222500
0 0.040833 0.438750 0.075000 0.077500
0 0.307500 0.750000 0.155000 0.140000
0 0.528333 0.882500 0.096667 0.135000
0 0.645000 0.900000 0.050000 0.160000
0 0.567500 0.758750 0.141667 0.092500
0 0.681667 0.547500 0.083333 0.205000
0 0.565833 0.456250 0.128333 0.132500
0 0.699167 0.317500 0.091667 0.115000
0 0.694167 0.340000 0.098333 0.120000
0 0.796667 0.465000 0.153333 0.130000
0 0.955000 0.665000 0.066667 0.125000
0 0.896667 0.820000 0.160000 0.140000
0 0.976667 0.840000 0.043333 0.060000
0 0.805000 0.213750 0.046667 0.082500
1 0.492500 0.113750 0.061667 0.052500
1 0.621667 0.097500 0.063333 0.055000
1 0.915833 0.416250 0.058333 0.097500
1 0.322500 0.408750 0.065000 0.107500
0 0.034167 0.655000 0.041667 0.050000
1 0.064167 0.631250 0.038333 0.062500
4 0.247500 0.621250 0.095000 0.177500
1 0.666667 0.692500 0.050000 0.095000
1 0.550833 0.921250 0.051667 0.077500
1 0.803333 0.930000 0.056667 0.100000
1 0.353333 0.473750 0.046667 0.067500