0 0.036667 0.156250 0.063333 0.232500
0 0.234167 0.146250 0.085000 0.217500
0 0.353333 0.218750 0.183333 0.057500
0 0.382500 0.057500 0.201667 0.105000
0 0.458333 0.160000 0.086667 0.135000
0 0.423333 0.352500 0.080000 0.220000
0 0.472500 0.541250 0.131667 0.182500
0 0.300833 0.418750 0.045000 0.232500
0 0.115000 0.462500 0.140000 0.105000
0 0.014167 0.440000 0.028333 0.080000
0 0.021667 0.503750 0.043333 0.127500
0 0.256667 0.687500 0.083333 0.165000
0 0.254167 0.882500 0.085000 0.185000
0 0.400000 0.905000 0.120000 0.110000
0 0.466667 0.945000 0.040000 0.105000
0 0.691667 0.770000 0.146667 0.150000
0 0.690000 0.621250 0.173333 0.057500
0 0.908333 0.445000 0.056667 0.230000
0 0.943333 0.576250 0.110000 0.067500
0 0.955000 0.302500 0.086667 0.100000
0 0.955833 0.157500 0.075000 0.035000
1 0.717500 0.321250 0.048333 0.057500
1 0.610833 0.415000 0.041667 0.055000
1 0.475000 0.606250 0.046667 0.052500
1 0.426667 0.603750 0.060000 0.082500
1 0.345833 0.761250 0.068333 0.077500
1 0.555000 0.760000 0.046667 0.080000
1 0.858333 0.553750 0.053333 0.047500
1 0.176667 0.071250 0.050000 0.077500