0 0.215000 0.167500 0.120000 0.100000
0 0.275000 0.145000 0.080000 0.130000
0 0.339167 0.117500 0.075000 0.125000
5 0.269167 0.233750 0.041667 0.087500
0 0.239167 0.521250 0.185000 0.097500
0 0.415000 0.476250 0.046667 0.172500
0 0.430000 0.283750 0.070000 0.112500
0 0.590833 0.148750 0.151667 0.152500
0 0.671667 0.335000 0.150000 0.090000
0 0.695833 0.442500 0.168333 0.100000
0 0.620000 0.658750 0.100000 0.197500
0 0.448333 0.863750 0.140000 0.077500
0 0.623333 0.876250 0.140000 0.117500
0 0.941667 0.768750 0.093333 0.112500
0 0.911667 0.706250 0.096667 0.122500
0 0.948333 0.873750 0.080000 0.132500
0 0.285000 0.905000 0.083333 0.185000
1 0.845000 0.426250 0.033333 0.052500
1 0.090833 0.757500 0.048333 0.065000
3 0.455000 0.178750 0.036667 0.047500