0 0.196667 0.126250 0.093333 0.227500
0 0.422500 0.206250 0.141667 0.137500
0 0.482500 0.117500 0.091667 0.185000
0 0.682500 0.270000 0.098333 0.200000
0 0.899167 0.342500 0.131667 0.190000
0 0.910833 0.573750 0.161667 0.087500
0 0.975833 0.677500 0.038333 0.065000
0 0.712500 0.691250 0.205000 0.117500
0 0.615000 0.768750 0.143333 0.122500
0 0.508333 0.582500 0.156667 0.085000
3 0.414167 0.610000 0.031667 0.060000
0 0.253333 0.338750 0.126667 0.097500
0 0.308333 0.381250 0.063333 0.142500
0 0.040833 0.501250 0.081667 0.067500
0 0.346667 0.745000 0.073333 0.230000
0 0.220833 0.593750 0.088333 0.082500
0 0.273333 0.662500 0.086667 0.080000
0 0.273333 0.783750 0.090000 0.147500
0 0.184167 0.746250 0.068333 0.127500
0 0.663333 0.158750 0.050000 0.177500
5 0.394167 0.068750 0.085000 0.097500
5 0.429167 0.497500 0.048333 0.055000
1 0.379167 0.546250 0.058333 0.072500
1 0.112500 0.630000 0.045000 0.075000
1 0.637500 0.517500 0.051667 0.060000