0 0.844925 0.703637 0.036717 0.215625
0 0.564850 0.657562 0.058600 0.100525
0 0.704683 0.220238 0.075000 0.203775
0 0.381667 0.117500 0.076667 0.220000
0 0.400000 0.243750 0.060000 0.137500
0 0.251667 0.256250 0.126667 0.242500
0 0.105000 0.108750 0.073333 0.217500
0 0.057500 0.630000 0.078333 0.210000
0 0.160833 0.472500 0.158333 0.065000
0 0.216667 0.558750 0.060000 0.137500
0 0.240833 0.531250 0.068333 0.102500
0 0.333333 0.512500 0.043333 0.235000
0 0.280000 0.696250 0.133333 0.187500
0 0.369167 0.848750 0.171667 0.127500
0 0.364167 0.791250 0.065000 0.222500
0 0.117500 0.811250 0.115000 0.172500
0 0.246667 0.902500 0.133333 0.105000
0 0.276667 0.940000 0.126667 0.065000
0 0.120833 0.958750 0.121667 0.062500
0 0.418333 0.947500 0.026667 0.100000
0 0.516667 0.948750 0.073333 0.097500
0 0.670000 0.952500 0.103333 0.090000
0 0.679167 0.848750 0.068333 0.102500
0 0.763333 0.682500 0.073333 0.275000
0 0.791667 0.597500 0.083333 0.125000
0 0.911667 0.657500 0.126667 0.115000
0 0.811667 0.918750 0.096667 0.157500
0 0.400833 0.405000 0.041667 0.170000
0 0.374167 0.592500 0.055000 0.075000
0 0.475000 0.248750 0.066667 0.092500
0 0.450833 0.420000 0.091667 0.200000
1 0.540000 0.478750 0.053333 0.077500
0 0.618333 0.251250 0.096667 0.077500
0 0.639167 0.073750 0.095000 0.072500
0 0.753333 0.056250 0.060000 0.107500
0 0.873333 0.148750 0.136667 0.152500
0 0.853333 0.337500 0.080000 0.105000
0 0.781667 0.421250 0.096667 0.202500
0 0.625833 0.522500 0.091667 0.135000
0 0.965000 0.370000 0.063333 0.095000
0 0.594167 0.783750 0.105000 0.142500
0 0.440000 0.622500 0.073333 0.095000