0 0.241667 0.053750 0.096667 0.082500
0 0.155000 0.057500 0.046667 0.115000
0 0.219167 0.178750 0.088333 0.112500
0 0.198333 0.368750 0.086667 0.187500
0 0.014167 0.217500 0.025000 0.135000
0 0.069167 0.535000 0.068333 0.170000
0 0.194167 0.688750 0.155000 0.112500
0 0.136667 0.802500 0.050000 0.145000
0 0.132500 0.916250 0.071667 0.107500
0 0.038333 0.880000 0.073333 0.120000
0 0.250000 0.901250 0.053333 0.162500
0 0.335833 0.912500 0.118333 0.115000
0 0.487500 0.930000 0.088333 0.120000
0 0.464167 0.951250 0.051667 0.092500
0 0.491667 0.595000 0.056667 0.165000
0 0.424167 0.628750 0.085000 0.142500
0 0.350833 0.408750 0.118333 0.057500
0 0.490000 0.403750 0.040000 0.177500
0 0.515833 0.263750 0.131667 0.077500
0 0.451667 0.166250 0.090000 0.092500
0 0.385833 0.210000 0.061667 0.150000
0 0.353333 0.253750 0.060000 0.082500
0 0.313333 0.306250 0.063333 0.087500
0 0.750000 0.136250 0.186667 0.072500
0 0.813333 0.232500 0.200000 0.075000
0 0.630833 0.331250 0.068333 0.212500
0 0.971667 0.186250 0.053333 0.087500
0 0.895833 0.102500 0.131667 0.050000
0 0.701667 0.451250 0.066667 0.182500
0 0.768333 0.381250 0.093333 0.117500
0 0.766667 0.447500 0.066667 0.145000
0 0.812500 0.535000 0.048333 0.110000
0 0.735000 0.675000 0.020000 0.225000
0 0.696667 0.612500 0.066667 0.095000
0 0.632500 0.536250 0.071667 0.132500
0 0.824167 0.602500 0.038333 0.105000
0 0.868333 0.648750 0.053333 0.092500
0 0.897500 0.780000 0.048333 0.195000
0 0.795833 0.830000 0.058333 0.205000