0 0.054167 0.065000 0.105000 0.110000
0 0.199167 0.058750 0.038333 0.117500
0 0.209167 0.335000 0.115000 0.185000
0 0.040833 0.316250 0.078333 0.077500
0 0.049167 0.373750 0.098333 0.032500
0 0.067500 0.611250 0.088333 0.142500
0 0.315000 0.576250 0.100000 0.242500
0 0.416667 0.381250 0.116667 0.092500
0 0.460000 0.348750 0.090000 0.132500
0 0.429167 0.261250 0.081667 0.077500
0 0.480000 0.068750 0.036667 0.132500
0 0.508333 0.153750 0.030000 0.167500
0 0.548333 0.181250 0.073333 0.172500
0 0.491667 0.312500 0.003333 0.005000
0 0.539167 0.241250 0.081667 0.117500
0 0.636667 0.352500 0.110000 0.095000
0 0.730000 0.203750 0.076667 0.182500
0 0.955833 0.150000 0.085000 0.180000
0 0.865833 0.081250 0.081667 0.137500
0 0.716667 0.527500 0.083333 0.115000
0 0.709167 0.621250 0.151667 0.127500
0 0.586667 0.438750 0.056667 0.122500
0 0.550833 0.486250 0.068333 0.132500
0 0.501667 0.592500 0.070000 0.155000
0 0.766667 0.946250 0.076667 0.102500
0 0.845000 0.856250 0.093333 0.202500
0 0.645833 0.953750 0.071667 0.077500
0 0.628333 0.862500 0.180000 0.115000
0 0.568333 0.856250 0.100000 0.092500
0 0.535000 0.912500 0.100000 0.105000
0 0.571667 0.776250 0.130000 0.082500
0 0.536667 0.723750 0.120000 0.107500
0 0.420833 0.878750 0.115000 0.122500
0 0.293333 0.941250 0.143333 0.052500
0 0.276667 0.911250 0.076667 0.172500