0 0.052500 0.186250 0.105000 0.112500
0 0.044167 0.055000 0.075000 0.110000
0 0.200000 0.140000 0.113333 0.210000
0 0.223333 0.370000 0.040000 0.190000
0 0.291667 0.330000 0.090000 0.150000
0 0.336667 0.373750 0.053333 0.142500
0 0.245000 0.577500 0.096667 0.120000
0 0.018333 0.366250 0.033333 0.187500
0 0.085833 0.596250 0.081667 0.147500
0 0.100833 0.702500 0.098333 0.085000
0 0.202500 0.725000 0.105000 0.105000
0 0.340833 0.738750 0.058333 0.267500
0 0.451667 0.721250 0.156667 0.042500
0 0.473333 0.643750 0.100000 0.132500
0 0.683333 0.805000 0.053333 0.235000
0 0.836667 0.603750 0.096667 0.212500
0 0.695833 0.272500 0.101667 0.235000
0 0.663333 0.188750 0.063333 0.202500
0 0.776667 0.115000 0.100000 0.170000
5 0.433333 0.497500 0.046667 0.075000
0 0.082500 0.966250 0.135000 0.062500
5 0.395833 0.075000 0.078333 0.070000
1 0.386667 0.543750 0.060000 0.082500
1 0.650833 0.466250 0.048333 0.067500