0 0.334167 0.095000 0.085000 0.190000
0 0.440000 0.117500 0.073333 0.135000
0 0.589167 0.140000 0.068333 0.170000
0 0.901667 0.190000 0.136667 0.060000
0 0.795000 0.230000 0.033333 0.190000
0 0.757500 0.235000 0.141667 0.085000
0 0.915000 0.316250 0.116667 0.122500
0 0.875833 0.431250 0.075000 0.102500
0 0.812500 0.403750 0.038333 0.142500
0 0.720833 0.507500 0.081667 0.150000
0 0.469167 0.337500 0.125000 0.140000
0 0.459167 0.377500 0.058333 0.170000
0 0.184167 0.512500 0.128333 0.145000
0 0.307500 0.533750 0.058333 0.137500
0 0.510000 0.580000 0.086667 0.155000
0 0.545000 0.605000 0.090000 0.130000
0 0.648333 0.658750 0.100000 0.092500
0 0.687500 0.722500 0.128333 0.110000
0 0.740000 0.788750 0.066667 0.187500
0 0.837500 0.683750 0.048333 0.207500
0 0.930000 0.678750 0.096667 0.162500
0 0.915833 0.630000 0.098333 0.135000
0 0.951667 0.893750 0.090000 0.092500
0 0.906667 0.941250 0.120000 0.082500
0 0.796667 0.923750 0.060000 0.087500
0 0.740833 0.918750 0.071667 0.087500
0 0.690000 0.936250 0.026667 0.112500
0 0.650000 0.912500 0.060000 0.145000
0 0.644167 0.892500 0.058333 0.145000
0 0.586667 0.953750 0.053333 0.087500
0 0.516667 0.762500 0.083333 0.145000
0 0.409167 0.735000 0.048333 0.150000
0 0.372500 0.647500 0.131667 0.055000
1 0.369167 0.687500 0.038333 0.075000
0 0.110000 0.663750 0.090000 0.162500
0 0.207500 0.735000 0.058333 0.110000
0 0.240833 0.827500 0.088333 0.055000
0 0.210833 0.920000 0.018333 0.150000
0 0.169167 0.862500 0.071667 0.115000
0 0.136667 0.935000 0.046667 0.125000
0 0.234167 0.050000 0.025000 0.100000
0 0.043333 0.045000 0.036667 0.090000
0 0.032500 0.141250 0.058333 0.177500