0 0.466667 0.107500 0.150000 0.215000
0 0.690000 0.060000 0.163333 0.120000
0 0.541667 0.338750 0.173333 0.157500
0 0.138333 0.090000 0.126667 0.150000
0 0.104167 0.142500 0.048333 0.100000
0 0.102500 0.282500 0.051667 0.125000
0 0.081667 0.216250 0.046667 0.067500
0 0.953333 0.035000 0.090000 0.060000
0 0.247500 0.690000 0.115000 0.100000
1 0.034167 0.458750 0.065000 0.072500
0 0.053333 0.828750 0.076667 0.197500
0 0.634167 0.873750 0.161667 0.127500
0 0.820833 0.930000 0.075000 0.130000
3 0.704167 0.962500 0.035000 0.050000
0 0.332500 0.651250 0.075000 0.142500
1 0.080833 0.375000 0.058333 0.050000
1 0.695000 0.245000 0.053333 0.070000