4 0.885542 0.740362 0.038283 0.051575
4 0.972658 0.633850 0.029683 0.062500
0 0.258333 0.113750 0.133333 0.112500
0 0.252500 0.203750 0.125000 0.092500
5 0.272500 0.227500 0.035000 0.065000
0 0.352500 0.153750 0.061667 0.127500
0 0.598333 0.130000 0.126667 0.135000
0 0.461667 0.266250 0.073333 0.102500
0 0.440833 0.462500 0.058333 0.190000
0 0.225833 0.538750 0.111667 0.097500
0 0.640833 0.651250 0.118333 0.182500
0 0.520000 0.832500 0.130000 0.065000
0 0.630833 0.852500 0.111667 0.135000
0 0.936667 0.885000 0.123333 0.120000
0 0.936667 0.837500 0.043333 0.055000
0 0.668333 0.307500 0.173333 0.085000
0 0.717500 0.425000 0.155000 0.075000
1 0.861667 0.413750 0.040000 0.047500
0 0.111667 0.811250 0.110000 0.092500
1 0.096667 0.748750 0.050000 0.057500
0 0.035000 0.368750 0.070000 0.057500
0 0.036667 0.192500 0.070000 0.055000
3 0.459167 0.176250 0.031667 0.047500
0 0.281667 0.935000 0.063333 0.120000