0 0.120000 0.260000 0.060000 0.070000
0 0.212500 0.652500 0.151667 0.180000
0 0.330000 0.526250 0.036667 0.152500
0 0.315833 0.490000 0.091667 0.140000
0 0.623333 0.445000 0.070000 0.130000
0 0.718333 0.610000 0.153333 0.150000
0 0.949167 0.663750 0.061667 0.222500
0 0.836667 0.770000 0.086667 0.100000
0 0.519167 0.230000 0.035000 0.235000
0 0.633333 0.192500 0.143333 0.040000
0 0.459167 0.063750 0.138333 0.117500
0 0.920000 0.322500 0.063333 0.075000
3 0.720000 0.363750 0.050000 0.067500
3 0.790833 0.558750 0.028333 0.027500