0 0.067500 0.140000 0.068333 0.165000
0 0.119167 0.115000 0.085000 0.150000
0 0.162500 0.172500 0.081667 0.175000
0 0.288333 0.056250 0.123333 0.057500
0 0.864167 0.155000 0.148333 0.190000
0 0.707500 0.145000 0.128333 0.185000
0 0.753333 0.363750 0.120000 0.107500
0 0.749167 0.336250 0.128333 0.162500
0 0.914167 0.355000 0.075000 0.110000
0 0.797500 0.446250 0.065000 0.127500
0 0.896667 0.483750 0.090000 0.077500
0 0.934167 0.610000 0.078333 0.095000
0 0.414167 0.417500 0.071667 0.115000
0 0.494167 0.438750 0.095000 0.062500
0 0.637500 0.415000 0.108333 0.210000
0 0.505833 0.651250 0.095000 0.077500
0 0.215833 0.656250 0.051667 0.087500
0 0.117500 0.815000 0.041667 0.150000
0 0.146667 0.921250 0.166667 0.072500
0 0.328333 0.742500 0.156667 0.105000
0 0.365833 0.883750 0.048333 0.177500
0 0.543333 0.958750 0.070000 0.077500
0 0.763333 0.678750 0.100000 0.132500
0 0.905833 0.757500 0.161667 0.195000
0 0.963333 0.726250 0.066667 0.062500
4 0.108333 0.345000 0.103333 0.090000
1 0.378333 0.128750 0.063333 0.077500
0 0.515833 0.140000 0.101667 0.120000
0 0.548333 0.066250 0.036667 0.112500