0 0.319167 0.376250 0.098333 0.157500
0 0.153333 0.390000 0.153333 0.110000
0 0.045833 0.471250 0.088333 0.082500
0 0.043333 0.053750 0.083333 0.107500
0 0.244167 0.036250 0.065000 0.052500
0 0.323333 0.121250 0.093333 0.182500
0 0.459167 0.258750 0.061667 0.247500
0 0.500000 0.298750 0.053333 0.157500
0 0.734167 0.175000 0.101667 0.120000
0 0.926667 0.378750 0.060000 0.207500
0 0.959167 0.542500 0.075000 0.055000
0 0.713333 0.586250 0.190000 0.067500
0 0.702500 0.717500 0.125000 0.170000
0 0.572500 0.600000 0.105000 0.120000
0 0.561667 0.651250 0.090000 0.092500
0 0.422500 0.515000 0.085000 0.145000
0 0.382500 0.410000 0.101667 0.140000
0 0.338333 0.898750 0.106667 0.157500
0 0.459167 0.873750 0.131667 0.132500
0 0.482500 0.821250 0.078333 0.092500
0 0.611667 0.931250 0.063333 0.097500
1 0.027500 0.647500 0.051667 0.100000
1 0.205000 0.720000 0.040000 0.060000
1 0.464167 0.530000 0.068333 0.080000
1 0.490000 0.573750 0.053333 0.072500
1 0.865833 0.502500 0.051667 0.100000
1 0.629167 0.385000 0.048333 0.070000
1 0.727500 0.276250 0.061667 0.072500
1 0.821667 0.876250 0.046667 0.072500
1 0.185833 0.047500 0.068333 0.085000
1 0.575000 0.725000 0.060000 0.070000
4 0.931667 0.952500 0.103333 0.090000
1 0.357500 0.725000 0.065000 0.100000
1 0.550833 0.191250 0.065000 0.067500