0 0.154167 0.160000 0.065000 0.100000
0 0.081667 0.196250 0.160000 0.077500
0 0.112500 0.243750 0.158333 0.057500
0 0.084167 0.753750 0.158333 0.052500
0 0.280833 0.742500 0.151667 0.090000
0 0.319167 0.642500 0.141667 0.080000
0 0.402500 0.625000 0.108333 0.085000
0 0.452500 0.572500 0.091667 0.035000
0 0.546667 0.822500 0.103333 0.135000
0 0.510000 0.263750 0.093333 0.232500
1 0.130000 0.322500 0.050000 0.060000
4 0.319167 0.543750 0.111667 0.117500
1 0.509167 0.647500 0.108333 0.110000
1 0.563333 0.963750 0.066667 0.067500
1 0.212500 0.837500 0.035000 0.050000