0 0.210000 0.143750 0.080000 0.212500
0 0.425000 0.311250 0.080000 0.197500
0 0.273333 0.331250 0.100000 0.142500
0 0.331667 0.412500 0.063333 0.160000
0 0.320833 0.427500 0.068333 0.045000
0 0.280833 0.472500 0.101667 0.110000
0 0.225833 0.580000 0.098333 0.125000
0 0.215000 0.740000 0.106667 0.140000
0 0.329167 0.727500 0.038333 0.195000
0 0.370000 0.770000 0.100000 0.120000
0 0.479167 0.900000 0.138333 0.115000
0 0.736667 0.678750 0.090000 0.237500
0 0.684167 0.710000 0.148333 0.080000
0 0.565000 0.353750 0.096667 0.177500
0 0.521667 0.355000 0.046667 0.190000
0 0.682500 0.270000 0.108333 0.215000
0 0.860000 0.387500 0.140000 0.130000
0 0.042500 0.331250 0.075000 0.202500
5 0.429167 0.503750 0.051667 0.072500
5 0.398333 0.076250 0.083333 0.052500
1 0.384167 0.545000 0.041667 0.070000