0 0.095833 0.143750 0.105000 0.112500
0 0.028333 0.170000 0.050000 0.060000
0 0.181667 0.082500 0.076667 0.145000
0 0.199167 0.062500 0.091667 0.090000
0 0.188333 0.013750 0.063333 0.027500
0 0.337500 0.020000 0.051667 0.040000
0 0.287500 0.092500 0.061667 0.180000
0 0.386667 0.125000 0.066667 0.145000
0 0.479167 0.096250 0.105000 0.082500
0 0.433333 0.226250 0.100000 0.187500
0 0.525000 0.215000 0.100000 0.150000
0 0.542500 0.206250 0.055000 0.097500
0 0.564167 0.065000 0.021667 0.130000
0 0.745000 0.115000 0.080000 0.130000
0 0.881667 0.108750 0.096667 0.142500
0 0.914167 0.107500 0.075000 0.130000
0 0.669167 0.188750 0.095000 0.157500
0 0.635833 0.375000 0.098333 0.110000
0 0.670833 0.498750 0.108333 0.197500
0 0.507500 0.527500 0.121667 0.040000
0 0.418333 0.536250 0.063333 0.067500
0 0.378333 0.521250 0.060000 0.122500
0 0.286667 0.435000 0.156667 0.130000
0 0.185000 0.350000 0.043333 0.170000
0 0.104167 0.287500 0.131667 0.080000
0 0.144167 0.307500 0.051667 0.200000
0 0.031667 0.718750 0.063333 0.097500
0 0.020000 0.447500 0.036667 0.305000
0 0.266667 0.560000 0.093333 0.075000
0 0.300000 0.607500 0.110000 0.105000
0 0.401667 0.596250 0.123333 0.062500
0 0.428333 0.722500 0.046667 0.195000
0 0.360833 0.740000 0.101667 0.165000
0 0.279167 0.742500 0.115000 0.055000
0 0.174167 0.776250 0.095000 0.167500
0 0.126667 0.853750 0.060000 0.127500
0 0.084167 0.832500 0.041667 0.220000
0 0.129167 0.958750 0.048333 0.077500
0 0.258333 0.915000 0.110000 0.075000
0 0.400000 0.937500 0.060000 0.120000
0 0.543333 0.790000 0.070000 0.100000
0 0.564167 0.742500 0.081667 0.095000
0 0.724167 0.688750 0.128333 0.052500
0 0.764167 0.758750 0.081667 0.097500
0 0.770833 0.846250 0.131667 0.047500
0 0.909167 0.821250 0.131667 0.067500
0 0.776667 0.888750 0.120000 0.077500
0 0.943333 0.948750 0.093333 0.097500
0 0.579167 0.925000 0.051667 0.145000