0 0.074167 0.212500 0.075000 0.110000
0 0.382500 0.337500 0.168333 0.095000
0 0.268333 0.252500 0.086667 0.180000
0 0.358333 0.451250 0.206667 0.102500
0 0.518333 0.391250 0.153333 0.077500
0 0.522500 0.455000 0.045000 0.090000
0 0.615833 0.408750 0.101667 0.077500
0 0.622500 0.498750 0.128333 0.157500
0 0.541667 0.131250 0.173333 0.042500
0 0.498333 0.226250 0.100000 0.167500
0 0.553333 0.100000 0.060000 0.140000
0 0.774167 0.160000 0.125000 0.100000
0 0.841667 0.030000 0.096667 0.060000
0 0.935833 0.091250 0.038333 0.157500
0 0.955833 0.201250 0.081667 0.062500
0 0.925000 0.232500 0.086667 0.045000
0 0.798333 0.328750 0.113333 0.132500
0 0.895833 0.300000 0.108333 0.160000
0 0.751667 0.475000 0.056667 0.190000
0 0.717500 0.543750 0.061667 0.157500
0 0.830833 0.401250 0.118333 0.122500
0 0.849167 0.565000 0.051667 0.185000
0 0.845833 0.565000 0.048333 0.110000
0 0.446667 0.662500 0.083333 0.170000
0 0.181667 0.405000 0.120000 0.210000
0 0.235833 0.628750 0.161667 0.187500
0 0.111667 0.603750 0.136667 0.187500
0 0.081667 0.661250 0.083333 0.132500
0 0.035833 0.611250 0.068333 0.097500
0 0.162500 0.910000 0.071667 0.140000
0 0.234167 0.927500 0.145000 0.140000
0 0.335000 0.882500 0.053333 0.135000
0 0.436667 0.876250 0.076667 0.242500
0 0.556667 0.843750 0.083333 0.162500
0 0.570833 0.638750 0.058333 0.157500
0 0.635000 0.606250 0.053333 0.132500
0 0.640833 0.717500 0.055000 0.090000
0 0.745000 0.721250 0.166667 0.062500
0 0.716667 0.767500 0.096667 0.070000
0 0.770000 0.833750 0.056667 0.147500