0 0.407500 0.083750 0.201667 0.112500
0 0.252500 0.261250 0.148333 0.077500
0 0.073333 0.361250 0.116667 0.112500
0 0.410833 0.428750 0.101667 0.247500
0 0.333333 0.518750 0.086667 0.142500
0 0.276667 0.676250 0.113333 0.167500
0 0.220833 0.746250 0.088333 0.147500
0 0.601667 0.345000 0.160000 0.170000
0 0.609167 0.205000 0.061667 0.210000
0 0.707500 0.101250 0.118333 0.102500
0 0.827500 0.286250 0.095000 0.207500
0 0.751667 0.337500 0.096667 0.115000
0 0.864167 0.533750 0.038333 0.137500
0 0.956667 0.680000 0.083333 0.175000
0 0.880833 0.647500 0.078333 0.115000
1 0.908333 0.753750 0.043333 0.072500
1 0.343333 0.351250 0.056667 0.087500
0 0.921667 0.012500 0.143333 0.025000
5 0.855833 0.043750 0.085000 0.062500
5 0.891667 0.465000 0.046667 0.060000