0 0.062500 0.132500 0.055000 0.070000
0 0.072500 0.197500 0.078333 0.135000
0 0.081667 0.288750 0.123333 0.057500
0 0.129167 0.326250 0.101667 0.122500
0 0.223333 0.240000 0.076667 0.120000
0 0.192500 0.166250 0.101667 0.102500
0 0.145000 0.088750 0.076667 0.117500
0 0.288333 0.138750 0.050000 0.202500
0 0.290000 0.048750 0.146667 0.077500
0 0.480833 0.181250 0.028333 0.162500
0 0.602500 0.030000 0.105000 0.060000
0 0.604167 0.242500 0.055000 0.150000
0 0.507500 0.310000 0.071667 0.100000
0 0.465833 0.433750 0.098333 0.132500
0 0.347500 0.320000 0.075000 0.145000
0 0.405833 0.480000 0.098333 0.120000
0 0.030000 0.435000 0.053333 0.130000
0 0.170000 0.466250 0.146667 0.072500
0 0.476667 0.552500 0.123333 0.085000
0 0.625000 0.557500 0.096667 0.170000
0 0.731667 0.483750 0.060000 0.187500
0 0.745833 0.218750 0.061667 0.197500
0 0.760833 0.305000 0.031667 0.205000
0 0.780000 0.205000 0.050000 0.120000
0 0.883333 0.240000 0.040000 0.145000
0 0.879167 0.095000 0.128333 0.115000
0 0.948333 0.377500 0.086667 0.155000
0 0.964167 0.675000 0.068333 0.100000
0 0.800000 0.741250 0.103333 0.077500
0 0.776667 0.817500 0.106667 0.095000
0 0.952500 0.961250 0.088333 0.052500
0 0.822500 0.933750 0.085000 0.117500
0 0.583333 0.800000 0.170000 0.140000
0 0.418333 0.767500 0.086667 0.050000
0 0.385833 0.808750 0.075000 0.137500
0 0.387500 0.827500 0.078333 0.095000
0 0.263333 0.828750 0.156667 0.057500
0 0.375833 0.668750 0.085000 0.117500
0 0.426667 0.600000 0.140000 0.060000