0 0.280000 0.061250 0.133333 0.117500
0 0.162500 0.527500 0.088333 0.180000
0 0.067500 0.513750 0.111667 0.237500
0 0.194167 0.696250 0.151667 0.097500
0 0.125000 0.767500 0.113333 0.180000
0 0.553333 0.747500 0.123333 0.145000
0 0.463333 0.376250 0.186667 0.152500
0 0.546667 0.203750 0.170000 0.107500
0 0.770833 0.223750 0.081667 0.212500
0 0.825833 0.391250 0.118333 0.297500
0 0.847500 0.585000 0.125000 0.180000
0 0.837500 0.733750 0.085000 0.152500
0 0.865000 0.906250 0.136667 0.177500
0 0.445833 0.765000 0.081667 0.120000
1 0.366667 0.725000 0.063333 0.090000
1 0.175833 0.406250 0.058333 0.067500