0 0.490633 0.919287 0.151567 0.110425
0 0.882808 0.828650 0.054683 0.169800
0 0.771100 0.209312 0.140633 0.064975
0 0.786517 0.086500 0.194133 0.028850
0 0.607417 0.837775 0.094533 0.117200
0 0.838867 0.411075 0.197267 0.042450
0 0.674800 0.654687 0.138667 0.033325
0 0.478517 0.290750 0.108600 0.067450
0 0.519150 0.074213 0.096100 0.024475
0 0.101667 0.762500 0.186667 0.090000
0 0.335000 0.698750 0.136667 0.122500
0 0.592500 0.423750 0.161667 0.117500
0 0.493333 0.916250 0.083333 0.147500
1 0.304167 0.590000 0.048333 0.080000