0 0.892975 0.345313 0.196883 0.047925
0 0.751558 0.684112 0.143750 0.070325
0 0.469725 0.424738 0.067583 0.101575
0 0.916408 0.908337 0.067183 0.153125
0 0.090408 0.806250 0.066450 0.080200
0 0.421100 0.161787 0.023433 0.064975
0 0.489458 0.018412 0.113283 0.038125
0 0.146608 0.735425 0.101317 0.057300
0 0.168700 0.316225 0.054000 0.250400
0 0.140050 0.560425 0.046100 0.137500
0 0.575783 0.206963 0.075000 0.120975
0 0.800775 0.494137 0.017183 0.242975
0 0.322500 0.473750 0.128333 0.137500
0 0.260833 0.635000 0.085000 0.125000
0 0.237500 0.756250 0.101667 0.107500
0 0.398333 0.867500 0.150000 0.095000
1 0.625000 0.106250 0.056667 0.092500
1 0.765000 0.330000 0.040000 0.060000
0 0.057500 0.121250 0.065000 0.077500
1 0.615833 0.608750 0.065000 0.092500
0 0.686667 0.055000 0.073333 0.110000
0 0.230000 0.530000 0.053333 0.100000
3 0.026667 0.200000 0.033333 0.045000
3 0.527500 0.372500 0.031667 0.045000
0 0.559167 0.357500 0.091667 0.135000
0 0.473333 0.757500 0.086667 0.120000
1 0.194167 0.653750 0.045000 0.067500