0 0.719725 0.059012 0.033983 0.121725
0 0.834383 0.748962 0.103133 0.234375
0 0.427733 0.467587 0.116400 0.167975
0 0.848042 0.786988 0.075783 0.159375
0 0.476767 0.355200 0.093367 0.068750
0 0.659567 0.396100 0.138667 0.179700
0 0.014183 0.643762 0.025467 0.203125
0 0.768158 0.089750 0.071483 0.155100
0 0.481633 0.147250 0.103900 0.236750
0 0.603508 0.628387 0.124217 0.139075
0 0.706058 0.957050 0.135550 0.067200
0 0.561133 0.239850 0.040233 0.055200
0 0.707608 0.520437 0.051950 0.033075
0 0.803717 0.660675 0.045700 0.065100
0 0.315000 0.255000 0.080000 0.215000
0 0.251667 0.507500 0.153333 0.115000
0 0.508333 0.590000 0.046667 0.110000