0 0.090833 0.140000 0.178333 0.080000
0 0.307500 0.088750 0.101667 0.102500
0 0.514167 0.027500 0.138333 0.050000
0 0.495833 0.185000 0.105000 0.190000
0 0.506667 0.265000 0.053333 0.190000
0 0.350833 0.363750 0.128333 0.052500
0 0.370000 0.453750 0.106667 0.112500
0 0.404167 0.598750 0.085000 0.232500
0 0.215833 0.681250 0.161667 0.077500
0 0.091667 0.596250 0.100000 0.067500
0 0.620000 0.845000 0.086667 0.220000
0 0.709167 0.542500 0.041667 0.190000
0 0.947500 0.411250 0.101667 0.082500
0 0.883333 0.530000 0.180000 0.120000
0 0.851667 0.288750 0.116667 0.057500
0 0.679167 0.333750 0.138333 0.107500
0 0.169167 0.940000 0.161667 0.100000
0 0.280000 0.781250 0.113333 0.077500
0 0.082500 0.863750 0.078333 0.152500
1 0.550833 0.372500 0.028333 0.045000
3 0.206667 0.185000 0.030000 0.050000
0 0.796667 0.170000 0.143333 0.100000