0 0.118333 0.165000 0.033333 0.205000
0 0.032500 0.276250 0.051667 0.212500
0 0.027500 0.301250 0.055000 0.102500
0 0.139167 0.341250 0.125000 0.227500
0 0.389167 0.100000 0.055000 0.200000
0 0.540833 0.152500 0.098333 0.225000
0 0.609167 0.105000 0.128333 0.210000
0 0.595833 0.355000 0.078333 0.210000
0 0.226667 0.632500 0.103333 0.125000
0 0.029167 0.593750 0.055000 0.127500
0 0.185833 0.892500 0.065000 0.210000
0 0.250000 0.901250 0.053333 0.192500
0 0.410000 0.737500 0.063333 0.275000
0 0.526667 0.853750 0.140000 0.052500
0 0.520000 0.841250 0.103333 0.122500
0 0.626667 0.878750 0.110000 0.082500
0 0.673333 0.856250 0.090000 0.157500
0 0.684167 0.945000 0.075000 0.090000
1 0.621667 0.928750 0.053333 0.077500
0 0.450833 0.948750 0.075000 0.092500
0 0.876667 0.608750 0.080000 0.242500
1 0.838333 0.666250 0.056667 0.062500
0 0.920833 0.071250 0.081667 0.137500
5 0.331667 0.253750 0.086667 0.122500