0 0.109167 0.448750 0.115000 0.142500
0 0.036667 0.442500 0.073333 0.190000
0 0.140000 0.632500 0.070000 0.185000
0 0.198333 0.587500 0.096667 0.130000
0 0.338333 0.541250 0.043333 0.142500
0 0.349167 0.660000 0.101667 0.140000
0 0.516667 0.585000 0.150000 0.070000
0 0.477500 0.493750 0.021667 0.152500
0 0.549167 0.486250 0.061667 0.037500
0 0.675000 0.450000 0.076667 0.265000
0 0.615833 0.331250 0.081667 0.107500
0 0.543333 0.318750 0.033333 0.162500
0 0.493333 0.350000 0.086667 0.120000
0 0.572500 0.136250 0.095000 0.167500
0 0.598333 0.132500 0.053333 0.065000
0 0.691667 0.125000 0.136667 0.070000
0 0.350833 0.347500 0.085000 0.170000
0 0.754167 0.826250 0.121667 0.172500
0 0.976667 0.876250 0.043333 0.047500
0 0.957500 0.882500 0.048333 0.155000
0 0.665000 0.711250 0.123333 0.082500
0 0.629167 0.830000 0.111667 0.130000
0 0.578333 0.713750 0.060000 0.127500
0 0.465000 0.870000 0.050000 0.220000
0 0.341667 0.913750 0.090000 0.167500
0 0.275833 0.916250 0.075000 0.072500
0 0.051667 0.937500 0.093333 0.120000
0 0.110000 0.863750 0.060000 0.212500