0 0.235000 0.097500 0.150000 0.100000
1 0.344167 0.148750 0.071667 0.072500
0 0.433333 0.047500 0.160000 0.085000
0 0.067500 0.233750 0.105000 0.167500
0 0.160833 0.316250 0.111667 0.072500
0 0.264167 0.388750 0.165000 0.077500
0 0.112500 0.382500 0.151667 0.105000
0 0.150000 0.396250 0.043333 0.062500
0 0.568333 0.370000 0.200000 0.080000
0 0.613333 0.443750 0.143333 0.122500
0 0.622500 0.476250 0.071667 0.127500
0 0.886667 0.422500 0.080000 0.245000
0 0.850833 0.137500 0.108333 0.145000
0 0.685000 0.893750 0.166667 0.102500
0 0.549167 0.721250 0.078333 0.187500
0 0.454167 0.563750 0.088333 0.072500
0 0.490000 0.960000 0.176667 0.075000
0 0.412500 0.653750 0.115000 0.102500
0 0.955833 0.901250 0.085000 0.132500
1 0.612500 0.970000 0.048333 0.050000
4 0.328333 0.551250 0.093333 0.117500
1 0.505833 0.641250 0.085000 0.107500