1 0.468350 0.591925 0.028900 0.035950
1 0.104492 0.107775 0.032617 0.040300
1 0.470700 0.660412 0.033600 0.045825
1 0.642583 0.801825 0.030467 0.040100
1 0.446483 0.278338 0.035933 0.045975
5 0.615233 0.616675 0.078133 0.080200
4 0.140967 0.635925 0.050300 0.061450
4 0.814450 0.688550 0.028900 0.037500
1 0.677342 0.799738 0.020317 0.056775
4 0.545517 0.635162 0.055867 0.068225
1 0.396483 0.919538 0.028900 0.036975
1 0.708208 0.786463 0.027350 0.045825
1 0.485733 0.913538 0.019133 0.029175
0 0.385833 0.162500 0.065000 0.075000
0 0.594167 0.305000 0.185000 0.110000
0 0.578333 0.456250 0.100000 0.167500
0 0.614167 0.461250 0.155000 0.037500
0 0.757500 0.548750 0.148333 0.112500
0 0.767500 0.612500 0.068333 0.075000
0 0.761667 0.725000 0.076667 0.130000
0 0.808333 0.786250 0.083333 0.062500
0 0.847500 0.837500 0.131667 0.065000
0 0.755000 0.892500 0.140000 0.055000
0 0.716667 0.930000 0.100000 0.085000
0 0.588333 0.877500 0.170000 0.115000
0 0.600000 0.930000 0.066667 0.080000
0 0.534167 0.925000 0.118333 0.090000
0 0.245000 0.887500 0.120000 0.220000
0 0.256667 0.360000 0.086667 0.110000
0 0.095833 0.166250 0.155000 0.067500
0 0.166667 0.647500 0.226667 0.185000
0 0.227500 0.185000 0.081667 0.150000
0 0.860833 0.162500 0.161667 0.085000
0 0.950000 0.296250 0.093333 0.127500
0 0.905000 0.211250 0.176667 0.112500
0 0.560833 0.068750 0.101667 0.132500
0 0.607500 0.060000 0.055000 0.115000
0 0.671667 0.100000 0.116667 0.120000
0 0.770833 0.040000 0.095000 0.070000
1 0.554167 0.057500 0.048333 0.065000