0 0.076667 0.105000 0.103333 0.120000
0 0.495833 0.280000 0.128333 0.140000
0 0.520833 0.242500 0.078333 0.165000
0 0.415833 0.090000 0.061667 0.180000
0 0.565000 0.096250 0.063333 0.142500
0 0.651667 0.122500 0.123333 0.090000
0 0.617500 0.465000 0.038333 0.195000
0 0.592500 0.328750 0.075000 0.077500
0 0.681667 0.447500 0.056667 0.265000
0 0.580833 0.546250 0.055000 0.162500
0 0.555000 0.631250 0.053333 0.117500
0 0.577500 0.780000 0.095000 0.080000
0 0.980000 0.873750 0.033333 0.047500
0 0.955000 0.902500 0.040000 0.150000
0 0.855833 0.675000 0.098333 0.080000
0 0.662500 0.690000 0.108333 0.100000
0 0.490833 0.607500 0.075000 0.075000
0 0.500000 0.566250 0.043333 0.157500
0 0.476667 0.786250 0.063333 0.232500
0 0.587500 0.957500 0.055000 0.075000
0 0.421667 0.861250 0.036667 0.182500
0 0.321667 0.630000 0.076667 0.195000
0 0.330000 0.552500 0.140000 0.065000
0 0.243333 0.471250 0.076667 0.097500
0 0.320000 0.487500 0.063333 0.085000
0 0.323333 0.356250 0.123333 0.167500
0 0.111667 0.452500 0.116667 0.145000
0 0.047500 0.433750 0.091667 0.152500
0 0.156667 0.775000 0.060000 0.110000
0 0.265833 0.920000 0.168333 0.120000
0 0.060833 0.907500 0.121667 0.125000
0 0.112500 0.925000 0.028333 0.090000