0 0.103333 0.083750 0.133333 0.062500
0 0.147500 0.021250 0.095000 0.037500
0 0.213333 0.177500 0.113333 0.095000
0 0.333333 0.232500 0.103333 0.135000
0 0.350000 0.167500 0.040000 0.120000
0 0.350000 0.158750 0.096667 0.042500
0 0.464167 0.143750 0.121667 0.067500
0 0.455833 0.303750 0.068333 0.207500
0 0.501667 0.535000 0.066667 0.130000
0 0.516667 0.615000 0.050000 0.090000
0 0.469167 0.610000 0.085000 0.095000
0 0.428333 0.618750 0.070000 0.102500
0 0.205000 0.562500 0.036667 0.075000
0 0.286667 0.727500 0.073333 0.185000
0 0.097500 0.638750 0.148333 0.137500
0 0.284167 0.927500 0.118333 0.095000
0 0.418333 0.797500 0.103333 0.125000
0 0.468333 0.792500 0.096667 0.070000
0 0.631667 0.542500 0.063333 0.105000
0 0.596667 0.467500 0.080000 0.155000
0 0.642500 0.356250 0.098333 0.092500
0 0.687500 0.267500 0.048333 0.195000
0 0.783333 0.240000 0.140000 0.060000
0 0.780000 0.467500 0.123333 0.110000
0 0.730000 0.578750 0.093333 0.082500
0 0.800000 0.610000 0.066667 0.100000
0 0.823333 0.807500 0.040000 0.120000
0 0.792500 0.853750 0.058333 0.117500
0 0.936667 0.798750 0.093333 0.057500
0 0.887500 0.762500 0.075000 0.215000
0 0.957500 0.281250 0.065000 0.067500
0 0.902500 0.277500 0.078333 0.090000
0 0.903333 0.130000 0.036667 0.120000
0 0.646667 0.908750 0.086667 0.177500
0 0.746667 0.111250 0.173333 0.042500
0 0.726667 0.117500 0.056667 0.090000