0 0.833983 0.165412 0.019533 0.054025
0 0.949608 0.899750 0.085150 0.035950
0 0.293950 0.645050 0.123433 0.178650
0 0.917575 0.644012 0.036717 0.099475
0 0.880858 0.207613 0.174217 0.072525
0 0.156058 0.853387 0.097650 0.226575
0 0.865625 0.239125 0.209383 0.136850
0 0.458792 0.146437 0.110550 0.225625
0 0.951950 0.435925 0.021100 0.261450
0 0.495125 0.550775 0.248050 0.228650
0 0.704692 0.784650 0.182817 0.059900
0 0.183333 0.217500 0.183333 0.135000
0 0.515000 0.510000 0.193333 0.090000
0 0.520833 0.607500 0.061667 0.305000
0 0.402500 0.613750 0.081667 0.132500
0 0.622500 0.732500 0.091667 0.060000
0 0.812500 0.722500 0.125000 0.080000
0 0.334167 0.842500 0.068333 0.145000
0 0.384167 0.733750 0.065000 0.152500
0 0.168333 0.943750 0.053333 0.107500