0 0.101667 0.035000 0.066667 0.070000
0 0.253333 0.263750 0.120000 0.092500
0 0.419167 0.400000 0.095000 0.135000
0 0.382500 0.072500 0.161667 0.085000
0 0.655000 0.056250 0.106667 0.107500
0 0.818333 0.290000 0.083333 0.180000
0 0.745000 0.338750 0.113333 0.097500
0 0.600000 0.356250 0.060000 0.162500
0 0.597500 0.383750 0.151667 0.087500
0 0.851667 0.711250 0.066667 0.132500
0 0.953333 0.722500 0.083333 0.135000
0 0.959167 0.646250 0.075000 0.147500
0 0.790000 0.796250 0.050000 0.172500
0 0.423333 0.661250 0.116667 0.187500
0 0.318333 0.710000 0.113333 0.180000
0 0.195833 0.436250 0.121667 0.157500
0 0.326667 0.913750 0.090000 0.152500
0 0.435833 0.936250 0.121667 0.117500
0 0.806667 0.940000 0.130000 0.100000
0 0.053333 0.925000 0.096667 0.145000
1 0.343333 0.342500 0.043333 0.075000
1 0.846667 0.512500 0.043333 0.065000
5 0.890833 0.470000 0.058333 0.070000
1 0.906667 0.757500 0.043333 0.060000
0 0.930833 0.007500 0.128333 0.015000
5 0.853333 0.041250 0.080000 0.077500