0 0.260833 0.070000 0.141667 0.090000
0 0.182500 0.226250 0.105000 0.177500
0 0.068333 0.358750 0.083333 0.242500
0 0.096667 0.798750 0.130000 0.237500
0 0.228333 0.746250 0.070000 0.142500
0 0.368333 0.565000 0.113333 0.170000
0 0.430000 0.535000 0.053333 0.220000
0 0.564167 0.225000 0.128333 0.135000
0 0.840833 0.406250 0.101667 0.287500
0 0.749167 0.423750 0.151667 0.102500
0 0.944167 0.392500 0.105000 0.145000
0 0.828333 0.743750 0.113333 0.217500
0 0.780000 0.791250 0.086667 0.212500
0 0.455833 0.790000 0.131667 0.120000
1 0.159167 0.432500 0.065000 0.080000
1 0.364167 0.728750 0.058333 0.067500