1 0.360642 0.731525 0.038083 0.041150
1 0.152925 0.440238 0.035150 0.057025
0 0.087500 0.292500 0.081667 0.265000
0 0.190833 0.162500 0.131667 0.175000
0 0.295833 0.061250 0.101667 0.092500
0 0.413333 0.470000 0.080000 0.215000
0 0.412500 0.471250 0.095000 0.127500
0 0.568333 0.242500 0.120000 0.165000
0 0.807500 0.413750 0.108333 0.307500
0 0.840000 0.431250 0.143333 0.067500
0 0.822500 0.760000 0.101667 0.195000
0 0.750833 0.747500 0.125000 0.175000
0 0.450833 0.778750 0.148333 0.147500
0 0.108333 0.802500 0.120000 0.190000