0 0.156667 0.030000 0.056667 0.060000
0 0.224167 0.098750 0.071667 0.157500
0 0.232500 0.171250 0.145000 0.152500
0 0.075000 0.047500 0.110000 0.095000
0 0.130000 0.265000 0.116667 0.220000
0 0.035833 0.278750 0.071667 0.112500
0 0.051667 0.457500 0.100000 0.085000
0 0.414167 0.043750 0.045000 0.087500
0 0.471667 0.117500 0.080000 0.205000
0 0.512500 0.080000 0.058333 0.130000
0 0.574167 0.115000 0.085000 0.210000
0 0.661667 0.131250 0.123333 0.177500
0 0.673333 0.155000 0.103333 0.050000
0 0.481667 0.346250 0.150000 0.127500
0 0.420000 0.322500 0.150000 0.110000
0 0.596667 0.257500 0.106667 0.130000
0 0.651667 0.266250 0.133333 0.102500
0 0.727500 0.288750 0.085000 0.132500
0 0.759167 0.288750 0.078333 0.157500
0 0.835000 0.055000 0.060000 0.110000
0 0.910833 0.206250 0.088333 0.092500
0 0.908333 0.045000 0.100000 0.080000
0 0.947500 0.321250 0.081667 0.162500
0 0.806667 0.296250 0.116667 0.067500
0 0.865000 0.450000 0.040000 0.160000
0 0.855833 0.592500 0.115000 0.085000
0 0.731667 0.401250 0.076667 0.142500
0 0.575833 0.451250 0.058333 0.197500
0 0.460000 0.535000 0.103333 0.130000
0 0.373333 0.405000 0.026667 0.110000
0 0.344167 0.587500 0.158333 0.165000
0 0.499167 0.698750 0.168333 0.137500
0 0.530000 0.636250 0.106667 0.062500
0 0.643333 0.586250 0.043333 0.142500
0 0.665000 0.502500 0.066667 0.165000
0 0.075833 0.681250 0.065000 0.182500
0 0.022500 0.685000 0.045000 0.110000
0 0.181667 0.785000 0.063333 0.245000
0 0.182500 0.783750 0.088333 0.067500
0 0.245833 0.717500 0.045000 0.065000
0 0.274167 0.791250 0.028333 0.227500
0 0.355000 0.795000 0.140000 0.170000
0 0.348333 0.831250 0.113333 0.192500
0 0.509167 0.815000 0.078333 0.190000
0 0.623333 0.796250 0.086667 0.207500
0 0.685833 0.868750 0.141667 0.212500
0 0.719167 0.932500 0.085000 0.130000
0 0.910833 0.797500 0.028333 0.190000
0 0.805000 0.903750 0.050000 0.112500
0 0.971667 0.735000 0.053333 0.150000