0 0.078333 0.318750 0.026667 0.247500
0 0.195833 0.215000 0.131667 0.040000
0 0.168333 0.082500 0.086667 0.135000
0 0.328333 0.100000 0.060000 0.200000
0 0.408333 0.208750 0.100000 0.127500
0 0.539167 0.055000 0.075000 0.110000
0 0.595000 0.072500 0.060000 0.140000
0 0.796667 0.185000 0.123333 0.115000
0 0.902500 0.300000 0.055000 0.220000
0 0.800833 0.043750 0.075000 0.087500
0 0.463333 0.328750 0.130000 0.152500
0 0.125833 0.501250 0.051667 0.142500
0 0.154167 0.635000 0.078333 0.130000
0 0.253333 0.608750 0.086667 0.197500
0 0.367500 0.656250 0.111667 0.087500
0 0.401667 0.531250 0.166667 0.192500
0 0.445000 0.565000 0.040000 0.110000
0 0.445000 0.637500 0.053333 0.110000
0 0.513333 0.532500 0.110000 0.040000
0 0.610833 0.563750 0.108333 0.102500
0 0.574167 0.588750 0.091667 0.042500
0 0.656667 0.562500 0.036667 0.125000
0 0.635000 0.403750 0.096667 0.072500
0 0.717500 0.472500 0.078333 0.110000
0 0.715000 0.525000 0.060000 0.110000
0 0.725000 0.367500 0.080000 0.140000
0 0.833333 0.447500 0.036667 0.150000
0 0.789167 0.485000 0.071667 0.130000
0 0.733333 0.607500 0.116667 0.145000
0 0.805000 0.662500 0.076667 0.155000
0 0.900833 0.565000 0.101667 0.190000
0 0.643333 0.873750 0.116667 0.172500
0 0.568333 0.920000 0.060000 0.155000
0 0.931667 0.797500 0.090000 0.075000
0 0.907500 0.885000 0.088333 0.090000
0 0.800833 0.882500 0.071667 0.135000
0 0.751667 0.805000 0.050000 0.170000
0 0.325000 0.905000 0.053333 0.175000
0 0.161667 0.925000 0.060000 0.145000
0 0.104167 0.773750 0.091667 0.107500
0 0.038333 0.860000 0.036667 0.160000