4 0.150925 0.272650 0.142683 0.177600
1 0.610000 0.392500 0.053333 0.060000
1 0.053333 0.685000 0.060000 0.065000
0 0.289167 0.118750 0.065000 0.142500
0 0.400000 0.043750 0.040000 0.077500
0 0.346667 0.065000 0.066667 0.060000
0 0.430833 0.155000 0.081667 0.140000
0 0.539167 0.275000 0.158333 0.130000
0 0.687500 0.381250 0.125000 0.212500
0 0.700000 0.375000 0.066667 0.065000
0 0.743333 0.461250 0.086667 0.177500
0 0.803333 0.323750 0.066667 0.137500
0 0.717500 0.113750 0.118333 0.132500
0 0.814167 0.030000 0.058333 0.060000
0 0.851667 0.050000 0.066667 0.100000
0 0.886667 0.160000 0.033333 0.145000
0 0.930000 0.125000 0.080000 0.115000
0 0.945833 0.307500 0.101667 0.075000
0 0.815833 0.260000 0.078333 0.100000
0 0.888333 0.366250 0.063333 0.112500
0 0.919167 0.453750 0.041667 0.187500
0 0.869167 0.700000 0.095000 0.225000
0 0.920000 0.682500 0.106667 0.200000
0 0.917500 0.728750 0.065000 0.057500
0 0.886667 0.808750 0.066667 0.152500
0 0.793333 0.886250 0.140000 0.092500
0 0.729167 0.867500 0.075000 0.135000
0 0.620000 0.677500 0.120000 0.195000
0 0.465000 0.605000 0.063333 0.225000
0 0.359167 0.616250 0.091667 0.142500
0 0.278333 0.618750 0.076667 0.277500
0 0.275833 0.800000 0.065000 0.100000
0 0.344167 0.893750 0.121667 0.097500
0 0.772500 0.962500 0.051667 0.070000
0 0.468333 0.963750 0.050000 0.067500
0 0.220833 0.943750 0.068333 0.107500
0 0.070000 0.852500 0.123333 0.195000
0 0.242500 0.420000 0.038333 0.190000
0 0.226667 0.428750 0.110000 0.062500
0 0.179167 0.387500 0.081667 0.075000
0 0.265000 0.337500 0.080000 0.155000
0 0.170000 0.137500 0.076667 0.090000
0 0.415833 0.746250 0.085000 0.127500
0 0.934167 0.861250 0.045000 0.137500