0 0.442500 0.102500 0.105000 0.120000
0 0.757500 0.067500 0.088333 0.125000
0 0.610833 0.235000 0.141667 0.110000
0 0.610833 0.290000 0.185000 0.115000
0 0.255833 0.413750 0.108333 0.187500
0 0.118333 0.476250 0.146667 0.192500
0 0.157500 0.591250 0.165000 0.142500
0 0.654167 0.507500 0.215000 0.065000
0 0.624167 0.527500 0.138333 0.200000
0 0.812500 0.460000 0.098333 0.150000
0 0.857500 0.702500 0.208333 0.165000
0 0.825833 0.767500 0.115000 0.205000
0 0.760000 0.935000 0.076667 0.125000
0 0.907500 0.958750 0.171667 0.067500