0 0.378333 0.456250 0.106667 0.167500
0 0.235833 0.278750 0.141667 0.067500
0 0.425000 0.076250 0.220000 0.087500
0 0.615833 0.342500 0.165000 0.150000
0 0.605833 0.490000 0.071667 0.160000
0 0.766667 0.345000 0.096667 0.155000
0 0.825000 0.292500 0.090000 0.200000
0 0.937500 0.043750 0.121667 0.052500
0 0.975833 0.342500 0.041667 0.105000
0 0.978333 0.622500 0.036667 0.130000
0 0.806667 0.792500 0.103333 0.190000
5 0.847500 0.045000 0.088333 0.090000
5 0.894167 0.465000 0.058333 0.065000
1 0.929167 0.757500 0.041667 0.070000
1 0.351667 0.351250 0.046667 0.062500
0 0.388333 0.937500 0.160000 0.075000