0 0.166667 0.137500 0.126667 0.125000
0 0.055000 0.226250 0.103333 0.127500
0 0.052500 0.172500 0.091667 0.145000
0 0.275833 0.068750 0.115000 0.082500
0 0.490000 0.087500 0.163333 0.100000
0 0.606667 0.018750 0.090000 0.032500
0 0.845833 0.150000 0.185000 0.115000
0 0.590833 0.163750 0.138333 0.072500
0 0.543333 0.265000 0.160000 0.110000
0 0.353333 0.193750 0.070000 0.212500
0 0.234167 0.185000 0.071667 0.115000
0 0.253333 0.338750 0.046667 0.237500
0 0.328333 0.337500 0.150000 0.120000
0 0.188333 0.300000 0.046667 0.160000
0 0.128333 0.423750 0.083333 0.132500
0 0.064167 0.415000 0.111667 0.050000
0 0.050000 0.441250 0.066667 0.062500
0 0.029167 0.325000 0.058333 0.060000
0 0.322500 0.517500 0.078333 0.140000
0 0.480000 0.427500 0.076667 0.215000
0 0.622500 0.560000 0.095000 0.180000
0 0.773333 0.470000 0.140000 0.115000
0 0.553333 0.556250 0.060000 0.057500
0 0.436667 0.636250 0.130000 0.092500
0 0.350000 0.660000 0.080000 0.060000
0 0.322500 0.711250 0.128333 0.042500
0 0.257500 0.692500 0.118333 0.105000
0 0.109167 0.633750 0.048333 0.227500
0 0.211667 0.801250 0.136667 0.077500
0 0.153333 0.775000 0.113333 0.090000
0 0.230000 0.922500 0.080000 0.145000
0 0.110000 0.967500 0.093333 0.060000
0 0.362500 0.932500 0.078333 0.095000
0 0.439167 0.938750 0.081667 0.097500
0 0.485000 0.882500 0.053333 0.115000
0 0.526667 0.795000 0.076667 0.065000
0 0.561667 0.830000 0.096667 0.065000
0 0.609167 0.857500 0.101667 0.070000
0 0.715833 0.792500 0.105000 0.150000
0 0.664167 0.891250 0.025000 0.152500
0 0.800833 0.911250 0.061667 0.122500
0 0.868333 0.900000 0.113333 0.055000
0 0.951667 0.942500 0.093333 0.070000