0 0.116667 0.171250 0.143333 0.117500
0 0.293333 0.501250 0.070000 0.177500
0 0.173333 0.513750 0.140000 0.132500
0 0.176667 0.607500 0.043333 0.125000
0 0.518333 0.670000 0.100000 0.190000
0 0.770833 0.053750 0.068333 0.102500
0 0.581667 0.112500 0.160000 0.115000
0 0.664167 0.301250 0.151667 0.102500
0 0.565833 0.446250 0.151667 0.092500
0 0.530000 0.515000 0.046667 0.050000
0 0.902500 0.615000 0.138333 0.050000
0 0.896667 0.711250 0.136667 0.117500
0 0.857500 0.880000 0.145000 0.135000
0 0.750000 0.948750 0.060000 0.097500
0 0.488333 0.900000 0.066667 0.095000
0 0.577500 0.857500 0.108333 0.185000
0 0.415000 0.911250 0.026667 0.057500
3 0.458333 0.178750 0.033333 0.052500
3 0.673333 0.428750 0.030000 0.042500
1 0.740000 0.436250 0.036667 0.047500
0 0.310000 0.297500 0.080000 0.095000
0 0.174167 0.301250 0.098333 0.087500
5 0.272500 0.221250 0.045000 0.062500