0 0.131667 0.261250 0.123333 0.112500
0 0.115833 0.351250 0.195000 0.172500
0 0.184167 0.361250 0.128333 0.142500
0 0.220000 0.432500 0.093333 0.260000
0 0.333333 0.293750 0.126667 0.212500
0 0.430000 0.170000 0.103333 0.100000
0 0.420000 0.051250 0.066667 0.102500
0 0.475833 0.111250 0.075000 0.052500
0 0.545000 0.123750 0.116667 0.137500
0 0.431667 0.540000 0.173333 0.245000
0 0.600000 0.430000 0.120000 0.140000
0 0.700000 0.407500 0.056667 0.175000
0 0.761667 0.295975 0.126667 0.105000
0 0.743333 0.590000 0.166667 0.105000
0 0.871667 0.648750 0.123333 0.097500
0 0.865833 0.722500 0.105000 0.050000
0 0.899167 0.830000 0.078333 0.165000
0 0.333333 0.915000 0.146667 0.100000
1 0.976667 0.076250 0.033333 0.092500
0 0.716667 0.826250 0.080000 0.202500
1 0.944167 0.058750 0.045000 0.077500
4 0.575000 0.556250 0.083333 0.102500
1 0.361667 0.135000 0.046667 0.085000
1 0.640833 0.285000 0.065000 0.105000
4 0.783333 0.420000 0.073333 0.060000