0 0.302500 0.115000 0.148333 0.150000
0 0.243333 0.078750 0.046667 0.042500
0 0.148333 0.267500 0.110000 0.095000
0 0.058333 0.308750 0.060000 0.182500
0 0.112500 0.660000 0.081667 0.220000
0 0.201667 0.482500 0.113333 0.080000
0 0.310833 0.613750 0.048333 0.092500
0 0.354167 0.608750 0.065000 0.087500
0 0.265833 0.765000 0.051667 0.130000
0 0.750833 0.746250 0.111667 0.057500
0 0.933333 0.842500 0.110000 0.095000
0 0.660833 0.357500 0.145000 0.100000
1 0.473333 0.682500 0.050000 0.090000
1 0.414167 0.738750 0.068333 0.077500
1 0.417500 0.663750 0.061667 0.077500
1 0.798333 0.283750 0.050000 0.092500
1 0.770833 0.683750 0.045000 0.092500
1 0.941667 0.145000 0.060000 0.090000
0 0.933333 0.033750 0.060000 0.062500