0 0.418333 0.047500 0.126667 0.095000
0 0.098333 0.147500 0.073333 0.210000
0 0.023333 0.317500 0.043333 0.095000
0 0.155833 0.570000 0.128333 0.080000
0 0.104167 0.628750 0.051667 0.087500
0 0.295000 0.503750 0.133333 0.087500
0 0.367500 0.490000 0.065000 0.180000
0 0.590000 0.366250 0.053333 0.177500
0 0.570833 0.211250 0.048333 0.097500
0 0.611667 0.117500 0.126667 0.085000
0 0.665833 0.165000 0.081667 0.180000
0 0.768333 0.235000 0.160000 0.070000
0 0.871667 0.332500 0.173333 0.065000
1 0.985000 0.321250 0.026667 0.062500
0 0.753333 0.572500 0.130000 0.160000
0 0.654167 0.710000 0.121667 0.100000
0 0.723333 0.777500 0.116667 0.175000
0 0.935833 0.722500 0.068333 0.135000
0 0.084167 0.838750 0.075000 0.202500
0 0.226667 0.856250 0.083333 0.127500
1 0.225833 0.687500 0.058333 0.095000
0 0.327500 0.210000 0.085000 0.220000
5 0.272500 0.226250 0.045000 0.097500
0 0.127500 0.320000 0.068333 0.090000
3 0.455000 0.181250 0.036667 0.047500