0 0.150000 0.235000 0.193333 0.090000
0 0.150833 0.162500 0.101667 0.075000
0 0.249167 0.283750 0.081667 0.182500
0 0.346667 0.237500 0.026667 0.185000
0 0.430833 0.115000 0.131667 0.160000
0 0.341667 0.015000 0.076667 0.020000
0 0.635000 0.103750 0.183333 0.132500
0 0.725833 0.257500 0.081667 0.110000
0 0.779167 0.297500 0.045000 0.155000
0 0.954167 0.315000 0.088333 0.170000
0 0.672500 0.433750 0.038333 0.237500
0 0.697500 0.502500 0.141667 0.085000
0 0.566667 0.331250 0.163333 0.157500
0 0.430833 0.426250 0.141667 0.097500
0 0.354167 0.382500 0.048333 0.155000
0 0.360000 0.506250 0.093333 0.132500
0 0.535000 0.545000 0.053333 0.180000
0 0.505833 0.706250 0.208333 0.107500
0 0.804167 0.647500 0.118333 0.160000
0 0.576667 0.860000 0.086667 0.060000
0 0.535833 0.945000 0.058333 0.105000
0 0.649167 0.808750 0.088333 0.087500
0 0.950833 0.877500 0.075000 0.100000
0 0.975000 0.877500 0.046667 0.085000
0 0.401667 0.831250 0.103333 0.122500
0 0.332500 0.675000 0.068333 0.150000
0 0.238333 0.751250 0.126667 0.087500
0 0.159167 0.718750 0.095000 0.177500
0 0.263333 0.912500 0.160000 0.105000
0 0.180000 0.947500 0.076667 0.095000
0 0.064167 0.811250 0.088333 0.187500
0 0.160833 0.486250 0.081667 0.092500
0 0.106667 0.432500 0.086667 0.195000