0 0.035833 0.093750 0.068333 0.112500
0 0.234167 0.155000 0.088333 0.230000
0 0.366667 0.217500 0.150000 0.075000
0 0.447500 0.151250 0.061667 0.137500
0 0.379167 0.063750 0.191667 0.112500
0 0.944167 0.155000 0.105000 0.065000
0 0.870000 0.348750 0.143333 0.197500
0 0.910000 0.433750 0.053333 0.247500
0 0.942500 0.587500 0.111667 0.075000
0 0.464167 0.528750 0.161667 0.197500
0 0.419167 0.353750 0.071667 0.227500
0 0.280833 0.441250 0.075000 0.262500
0 0.118333 0.475000 0.130000 0.120000
0 0.020833 0.422500 0.038333 0.050000
0 0.245833 0.901250 0.075000 0.142500
0 0.429167 0.908750 0.115000 0.157500
0 0.432500 0.922500 0.058333 0.085000
0 0.021667 0.522500 0.030000 0.125000
0 0.683333 0.765000 0.153333 0.170000
0 0.694167 0.628750 0.185000 0.062500
1 0.717500 0.312500 0.055000 0.065000
1 0.608333 0.417500 0.036667 0.075000
1 0.852500 0.553750 0.035000 0.077500
1 0.809167 0.916250 0.061667 0.082500
1 0.428333 0.600000 0.050000 0.100000
1 0.480833 0.603750 0.058333 0.082500
1 0.341667 0.767500 0.053333 0.090000
1 0.175000 0.077500 0.056667 0.080000