0 0.769133 0.684125 0.080467 0.115100
0 0.046733 0.779700 0.065133 0.050000
0 0.153225 0.469787 0.040817 0.033325
0 0.423242 0.969788 0.162117 0.041675
0 0.277050 0.459900 0.049800 0.055200
0 0.243358 0.934125 0.077350 0.116150
0 0.325200 0.621613 0.041800 0.107825
0 0.214258 0.592200 0.100783 0.081250
0 0.749617 0.461725 0.169533 0.110950
0 0.613275 0.556125 0.067183 0.076300
0 0.020842 0.331525 0.033317 0.022400
0 0.348242 0.480213 0.107417 0.189575
0 0.782233 0.097562 0.033200 0.074425
1 0.287500 0.271250 0.055000 0.062500
1 0.436667 0.706250 0.056667 0.082500
1 0.787500 0.027500 0.058333 0.055000
1 0.520833 0.092500 0.038333 0.065000
1 0.530833 0.018750 0.065000 0.037500
1 0.959167 0.143750 0.038333 0.067500
1 0.922500 0.128750 0.028333 0.072500
4 0.744167 0.468750 0.055000 0.072500
4 0.953333 0.496250 0.046667 0.082500
4 0.692500 0.852500 0.081667 0.105000
4 0.522500 0.667500 0.081667 0.085000
0 0.528333 0.906250 0.106667 0.177500