0 0.907817 0.485012 0.110933 0.063275
1 0.229875 0.473175 0.032417 0.044800
0 0.107500 0.210000 0.081667 0.200000
0 0.300000 0.406250 0.093333 0.077500
0 0.341667 0.405000 0.053333 0.245000
0 0.465833 0.473750 0.138333 0.082500
0 0.751667 0.233750 0.050000 0.177500
0 0.724167 0.080000 0.178333 0.105000
0 0.933333 0.292500 0.130000 0.180000
0 0.763333 0.535000 0.160000 0.070000
0 0.755833 0.602500 0.055000 0.130000
0 0.420833 0.735000 0.171667 0.070000
0 0.407500 0.660000 0.141667 0.060000
0 0.062500 0.655000 0.071667 0.145000
0 0.665000 0.883750 0.073333 0.197500
0 0.886667 0.925000 0.050000 0.135000
0 0.541667 0.908750 0.146667 0.057500