0 0.130000 0.158750 0.100000 0.082500
0 0.030000 0.146250 0.056667 0.102500
0 0.168333 0.182500 0.023333 0.175000
0 0.225000 0.116250 0.140000 0.102500
0 0.325000 0.072500 0.096667 0.125000
0 0.525000 0.081250 0.130000 0.077500
0 0.592500 0.100000 0.068333 0.080000
0 0.711667 0.075000 0.103333 0.130000
0 0.760833 0.198750 0.111667 0.177500
0 0.655000 0.262500 0.163333 0.130000
0 0.860000 0.101250 0.063333 0.107500
0 0.895000 0.103750 0.066667 0.082500
0 0.908333 0.203750 0.070000 0.127500
0 0.960833 0.206250 0.051667 0.067500
0 0.582500 0.398750 0.208333 0.072500
0 0.696667 0.398750 0.086667 0.127500
0 0.783333 0.540000 0.140000 0.160000
0 0.767500 0.545000 0.065000 0.105000
0 0.813333 0.617500 0.053333 0.140000
0 0.850833 0.645000 0.045000 0.140000
0 0.962500 0.625000 0.061667 0.110000
0 0.453333 0.616250 0.120000 0.047500
0 0.437500 0.457500 0.138333 0.110000
0 0.321667 0.372500 0.126667 0.050000
0 0.210000 0.517500 0.113333 0.125000
0 0.263333 0.598750 0.113333 0.117500
0 0.053333 0.672500 0.053333 0.175000
0 0.168333 0.763750 0.126667 0.047500
0 0.271667 0.840000 0.103333 0.140000
0 0.622500 0.890000 0.145000 0.095000
0 0.619167 0.891250 0.091667 0.082500
0 0.720833 0.895000 0.081667 0.095000
0 0.869167 0.872500 0.081667 0.075000
0 0.621667 0.961250 0.100000 0.072500
0 0.044167 0.886250 0.085000 0.072500
5 0.640000 0.606250 0.093333 0.132500
1 0.762500 0.743750 0.035000 0.072500
1 0.730833 0.750000 0.038333 0.080000
1 0.692500 0.776250 0.041667 0.067500
4 0.561667 0.607500 0.056667 0.085000
4 0.174167 0.631250 0.081667 0.102500
1 0.510833 0.650000 0.065000 0.080000
1 0.478333 0.580000 0.060000 0.065000
1 0.485000 0.251250 0.066667 0.082500
1 0.300833 0.435000 0.058333 0.070000