0 0.155833 0.327500 0.105000 0.195000
0 0.255833 0.200000 0.058333 0.225000
0 0.332500 0.265000 0.111667 0.130000
0 0.490000 0.315000 0.156667 0.095000
0 0.511667 0.413750 0.060000 0.092500
0 0.497500 0.082500 0.118333 0.125000
0 0.675000 0.200000 0.143333 0.100000
0 0.749167 0.302500 0.108333 0.165000
0 0.942500 0.205000 0.111667 0.170000
0 0.850000 0.055000 0.083333 0.110000
0 0.039167 0.542500 0.075000 0.145000
0 0.105000 0.575000 0.060000 0.130000
0 0.244167 0.612500 0.108333 0.135000
0 0.046667 0.297500 0.093333 0.130000
0 0.430000 0.593750 0.103333 0.172500
0 0.175000 0.886250 0.100000 0.187500
0 0.326667 0.852500 0.073333 0.130000
0 0.467500 0.835000 0.108333 0.070000
0 0.570833 0.760000 0.101667 0.155000
0 0.613333 0.416250 0.163333 0.132500
0 0.605000 0.558750 0.076667 0.197500
0 0.689167 0.548750 0.081667 0.192500
0 0.825833 0.471250 0.115000 0.127500
0 0.789167 0.458750 0.065000 0.072500
0 0.858333 0.613750 0.100000 0.087500
0 0.956667 0.630000 0.080000 0.060000
0 0.963333 0.738750 0.050000 0.237500
0 0.716667 0.677500 0.073333 0.215000
0 0.780833 0.922500 0.115000 0.145000
0 0.924167 0.933750 0.131667 0.127500
0 0.572500 0.963750 0.095000 0.062500