0 0.027500 0.155000 0.055000 0.070000
0 0.063333 0.278750 0.123333 0.177500
0 0.273333 0.573750 0.180000 0.107500
0 0.185833 0.710000 0.151667 0.100000
0 0.160833 0.790000 0.055000 0.080000
0 0.198333 0.912500 0.110000 0.165000
0 0.127500 0.951250 0.091667 0.087500
0 0.495000 0.698750 0.130000 0.172500
0 0.685833 0.591250 0.098333 0.302500
0 0.868333 0.681250 0.090000 0.227500
0 0.866667 0.537500 0.180000 0.095000
0 0.946667 0.438750 0.100000 0.112500
0 0.897500 0.303750 0.065000 0.172500
0 0.920833 0.158750 0.075000 0.162500
0 0.929167 0.162500 0.131667 0.115000
0 0.750000 0.172500 0.120000 0.115000
0 0.575833 0.247500 0.095000 0.165000
0 0.460000 0.215000 0.140000 0.170000
0 0.390000 0.200000 0.153333 0.190000
1 0.512500 0.398750 0.048333 0.057500