0 0.191667 0.040000 0.060000 0.080000
0 0.397500 0.060000 0.085000 0.120000
0 0.286667 0.308750 0.130000 0.122500
0 0.355833 0.267500 0.055000 0.205000
0 0.337500 0.395000 0.158333 0.150000
0 0.234167 0.678750 0.105000 0.237500
0 0.232500 0.605000 0.035000 0.050000
0 0.270833 0.770000 0.141667 0.190000
0 0.322500 0.603750 0.038333 0.167500
0 0.487500 0.708750 0.078333 0.082500
0 0.542500 0.398750 0.065000 0.137500
0 0.615833 0.210000 0.075000 0.280000
0 0.810000 0.406250 0.183333 0.127500
0 0.756667 0.510000 0.190000 0.060000
1 0.637500 0.607500 0.048333 0.075000
3 0.059167 0.910000 0.031667 0.055000
0 0.952500 0.518750 0.061667 0.182500
0 0.904167 0.877500 0.055000 0.095000
1 0.973333 0.890000 0.050000 0.095000
0 0.483333 0.248750 0.176667 0.102500