0 0.291667 0.063750 0.140000 0.087500
0 0.177500 0.170000 0.125000 0.120000
0 0.210000 0.522500 0.176667 0.100000
0 0.359167 0.495000 0.058333 0.170000
0 0.373333 0.308750 0.063333 0.092500
5 0.269167 0.225000 0.028333 0.060000
0 0.599167 0.137500 0.131667 0.130000
0 0.659167 0.328750 0.178333 0.077500
0 0.640833 0.460000 0.161667 0.070000
0 0.570000 0.682500 0.103333 0.155000
0 0.251667 0.783750 0.113333 0.187500
0 0.232500 0.927500 0.111667 0.140000
0 0.886667 0.718750 0.133333 0.127500
0 0.931667 0.591250 0.123333 0.152500
0 0.905833 0.893750 0.125000 0.147500
0 0.740833 0.878750 0.141667 0.067500
0 0.588333 0.851250 0.100000 0.177500
1 0.798333 0.440000 0.033333 0.040000
1 0.030833 0.771250 0.055000 0.057500
3 0.456667 0.185000 0.030000 0.050000
0 0.460833 0.928750 0.051667 0.077500