0 0.136667 0.145000 0.143333 0.150000
0 0.155000 0.271250 0.093333 0.102500
0 0.335000 0.287500 0.090000 0.100000
0 0.327500 0.478750 0.065000 0.172500
0 0.190000 0.511250 0.160000 0.137500
0 0.224167 0.701250 0.111667 0.172500
0 0.202500 0.853750 0.108333 0.112500
0 0.570000 0.585000 0.026667 0.200000
0 0.543333 0.675000 0.070000 0.190000
0 0.600000 0.430000 0.133333 0.080000
0 0.671667 0.303750 0.150000 0.087500
0 0.580000 0.122500 0.170000 0.140000
0 0.822500 0.025000 0.035000 0.050000
0 0.926667 0.591250 0.143333 0.107500
0 0.900833 0.717500 0.131667 0.120000
0 0.870000 0.885000 0.133333 0.130000
0 0.771667 0.967500 0.040000 0.060000
0 0.625000 0.878750 0.123333 0.082500
0 0.570833 0.862500 0.108333 0.155000
0 0.450833 0.895000 0.088333 0.090000
0 0.119167 0.945000 0.118333 0.100000
5 0.270833 0.228750 0.035000 0.067500
1 0.768333 0.427500 0.040000 0.045000