0 0.316667 0.175000 0.210000 0.050000
0 0.272500 0.395000 0.095000 0.150000
0 0.136667 0.340000 0.153333 0.130000
0 0.199167 0.515000 0.091667 0.195000
0 0.066667 0.601250 0.133333 0.107500
0 0.268333 0.528750 0.060000 0.177500
0 0.392500 0.468750 0.078333 0.222500
0 0.409167 0.371250 0.068333 0.222500
0 0.475000 0.366250 0.136667 0.127500
0 0.866667 0.482500 0.083333 0.200000
0 0.935833 0.382500 0.088333 0.085000
0 0.964167 0.531250 0.055000 0.142500
0 0.930000 0.642500 0.136667 0.065000
0 0.379167 0.071250 0.081667 0.112500
0 0.655833 0.852500 0.165000 0.070000
0 0.719167 0.723750 0.188333 0.087500
0 0.682500 0.667500 0.191667 0.065000
0 0.624167 0.826250 0.121667 0.152500
1 0.459167 0.668750 0.048333 0.077500
1 0.409167 0.656250 0.045000 0.067500
1 0.347500 0.823750 0.071667 0.072500
1 0.835000 0.603750 0.046667 0.062500
1 0.136667 0.818750 0.036667 0.072500
1 0.210833 0.036250 0.058333 0.057500
1 0.159167 0.138750 0.051667 0.057500
0 0.053333 0.120000 0.103333 0.100000
1 0.587500 0.470000 0.051667 0.055000
1 0.531667 0.821250 0.053333 0.087500
1 0.248333 0.662500 0.033333 0.065000
3 0.460000 0.175000 0.026667 0.045000