0 0.414167 0.131250 0.095000 0.107500
0 0.515000 0.260000 0.090000 0.095000
0 0.690833 0.103750 0.108333 0.142500
0 0.796667 0.095000 0.120000 0.130000
0 0.820000 0.523750 0.100000 0.127500
0 0.805000 0.501250 0.086667 0.077500
0 0.917500 0.505000 0.081667 0.105000
0 0.861667 0.640000 0.073333 0.160000
0 0.356667 0.838750 0.136667 0.132500
0 0.273333 0.668750 0.160000 0.097500
0 0.437500 0.543750 0.145000 0.057500
0 0.384167 0.291250 0.098333 0.177500
0 0.336667 0.296250 0.066667 0.147500
0 0.180833 0.191250 0.075000 0.112500
0 0.077500 0.313750 0.048333 0.207500
0 0.047500 0.500000 0.071667 0.160000
0 0.039167 0.593750 0.075000 0.047500
0 0.052500 0.603750 0.031667 0.087500
0 0.153333 0.517500 0.086667 0.155000
0 0.013333 0.636250 0.023333 0.142500
1 0.090833 0.876250 0.041667 0.067500
1 0.620833 0.326250 0.045000 0.057500
1 0.228333 0.058750 0.063333 0.057500