0 0.286667 0.122500 0.046667 0.175000
0 0.373333 0.075000 0.113333 0.115000
0 0.473333 0.237500 0.100000 0.065000
0 0.379167 0.257500 0.058333 0.195000
0 0.507500 0.085000 0.108333 0.110000
0 0.737500 0.577500 0.145000 0.085000
0 0.620000 0.712500 0.086667 0.095000
0 0.937500 0.806250 0.055000 0.117500
0 0.941667 0.908750 0.096667 0.082500
0 0.410000 0.927500 0.100000 0.115000
0 0.044167 0.205000 0.051667 0.100000
0 0.304167 0.517500 0.115000 0.070000
1 0.035833 0.847500 0.055000 0.075000
1 0.898333 0.805000 0.043333 0.065000