0 0.388333 0.071250 0.166667 0.087500
0 0.100833 0.413750 0.131667 0.137500
0 0.255000 0.272500 0.123333 0.090000
0 0.403333 0.416250 0.090000 0.177500
0 0.375000 0.578750 0.130000 0.127500
0 0.605000 0.386250 0.153333 0.112500
0 0.610833 0.251250 0.071667 0.132500
0 0.694167 0.090000 0.105000 0.110000
0 0.822500 0.291250 0.071667 0.197500
0 0.727500 0.341250 0.071667 0.132500
0 0.858333 0.611250 0.043333 0.127500
0 0.920833 0.685000 0.065000 0.150000
0 0.955000 0.665000 0.066667 0.150000
0 0.788333 0.795000 0.066667 0.175000
0 0.258333 0.820000 0.083333 0.160000
0 0.273333 0.688750 0.110000 0.097500
1 0.349167 0.346250 0.058333 0.077500
1 0.847500 0.508750 0.055000 0.077500
0 0.922500 0.015000 0.125000 0.030000
5 0.853333 0.048750 0.090000 0.057500
5 0.890000 0.460000 0.056667 0.065000