0 0.215000 0.140000 0.103333 0.220000
0 0.245000 0.122500 0.080000 0.155000
5 0.400000 0.070000 0.103333 0.080000
0 0.040833 0.425000 0.078333 0.215000
0 0.096667 0.646250 0.130000 0.112500
0 0.224167 0.575000 0.121667 0.130000
0 0.262500 0.351250 0.121667 0.147500
0 0.330000 0.348750 0.086667 0.202500
0 0.420833 0.185000 0.128333 0.165000
0 0.412500 0.275000 0.111667 0.150000
0 0.524167 0.331250 0.101667 0.187500
0 0.519167 0.283750 0.068333 0.207500
0 0.666667 0.193750 0.046667 0.272500
0 0.691667 0.270000 0.103333 0.180000
0 0.903333 0.457500 0.103333 0.215000
0 0.711667 0.703750 0.166667 0.087500
0 0.736667 0.693750 0.086667 0.212500
0 0.324167 0.727500 0.051667 0.205000
0 0.356667 0.782500 0.066667 0.220000
0 0.213333 0.727500 0.113333 0.180000
0 0.361667 0.510000 0.133333 0.080000
0 0.355833 0.500000 0.108333 0.060000
5 0.432500 0.498750 0.045000 0.062500
1 0.386667 0.548750 0.060000 0.062500
1 0.636667 0.506250 0.053333 0.057500