0 0.361667 0.065000 0.070000 0.130000
0 0.419167 0.115000 0.111667 0.090000
0 0.296667 0.136250 0.103333 0.102500
0 0.424167 0.286250 0.055000 0.207500
0 0.370833 0.351250 0.071667 0.102500
0 0.916667 0.197500 0.150000 0.045000
0 0.960833 0.222500 0.075000 0.040000
0 0.912500 0.788750 0.115000 0.137500
0 0.638333 0.745000 0.063333 0.130000
0 0.753333 0.650000 0.070000 0.080000
0 0.454167 0.916250 0.081667 0.122500
0 0.137500 0.886250 0.098333 0.092500
0 0.040000 0.560000 0.070000 0.105000
1 0.945833 0.281250 0.061667 0.062500
3 0.814167 0.532500 0.038333 0.055000
3 0.761667 0.832500 0.026667 0.040000