0 0.116667 0.107500 0.093333 0.110000
0 0.077500 0.192500 0.098333 0.115000
0 0.140833 0.220000 0.075000 0.065000
0 0.078333 0.308750 0.103333 0.157500
0 0.199167 0.072500 0.101667 0.115000
0 0.196667 0.286250 0.093333 0.042500
0 0.226667 0.321250 0.086667 0.057500
0 0.341667 0.317500 0.116667 0.155000
0 0.453333 0.096250 0.100000 0.177500
0 0.511667 0.163750 0.053333 0.197500
0 0.510833 0.222500 0.098333 0.055000
0 0.556667 0.092500 0.053333 0.170000
0 0.892500 0.111250 0.098333 0.142500
0 0.885000 0.432500 0.113333 0.165000
0 0.712500 0.253750 0.048333 0.262500
0 0.630833 0.276250 0.085000 0.057500
0 0.662500 0.271250 0.045000 0.182500
0 0.683333 0.450000 0.083333 0.220000
0 0.809167 0.631250 0.145000 0.057500
0 0.712500 0.676250 0.025000 0.222500
0 0.516667 0.526250 0.133333 0.132500
0 0.519167 0.307500 0.091667 0.085000
0 0.545000 0.282500 0.070000 0.090000
0 0.479167 0.391250 0.121667 0.072500
0 0.157500 0.366250 0.131667 0.107500
0 0.185000 0.442500 0.066667 0.145000
0 0.280833 0.452500 0.061667 0.155000
0 0.209167 0.525000 0.105000 0.040000
0 0.167500 0.545000 0.065000 0.070000
0 0.084167 0.527500 0.105000 0.145000
0 0.055000 0.570000 0.053333 0.125000
0 0.075833 0.662500 0.081667 0.145000
0 0.045000 0.837500 0.090000 0.065000
0 0.105000 0.886250 0.063333 0.192500
0 0.278333 0.683750 0.076667 0.232500
0 0.343333 0.851250 0.066667 0.192500
0 0.402500 0.840000 0.098333 0.080000
0 0.400833 0.960000 0.088333 0.070000
0 0.438333 0.680000 0.116667 0.040000
0 0.430833 0.687500 0.078333 0.110000
0 0.490000 0.696250 0.066667 0.147500
0 0.555833 0.771250 0.111667 0.122500
0 0.534167 0.815000 0.088333 0.110000
0 0.615000 0.833750 0.090000 0.087500
0 0.966667 0.795000 0.060000 0.170000
0 0.877500 0.877500 0.095000 0.085000
0 0.812500 0.938750 0.085000 0.102500
0 0.950833 0.947500 0.081667 0.095000