0 0.034167 0.130000 0.065000 0.160000
0 0.229167 0.245000 0.075000 0.210000
0 0.380000 0.076250 0.206667 0.097500
0 0.399167 0.246250 0.111667 0.147500
0 0.420000 0.371250 0.073333 0.242500
0 0.392500 0.470000 0.088333 0.100000
0 0.291667 0.477500 0.076667 0.165000
0 0.103333 0.497500 0.126667 0.125000
0 0.046667 0.405000 0.093333 0.110000
0 0.030833 0.585000 0.058333 0.100000
0 0.040833 0.820000 0.075000 0.080000
0 0.165833 0.835000 0.155000 0.150000
0 0.301667 0.782500 0.110000 0.085000
0 0.422500 0.922500 0.081667 0.110000
0 0.586667 0.765000 0.100000 0.130000
0 0.677500 0.775000 0.158333 0.140000
0 0.944167 0.588750 0.108333 0.077500
0 0.957500 0.302500 0.081667 0.065000
0 0.945000 0.175000 0.103333 0.070000
1 0.177500 0.106250 0.061667 0.027500
1 0.710833 0.335000 0.051667 0.100000
1 0.418333 0.610000 0.050000 0.100000
1 0.467500 0.625000 0.061667 0.100000
1 0.277500 0.583750 0.041667 0.082500
1 0.351667 0.772500 0.046667 0.095000
1 0.854167 0.558750 0.058333 0.092500
1 0.610833 0.437500 0.068333 0.105000