0 0.144167 0.042500 0.051667 0.085000
0 0.211667 0.140000 0.083333 0.160000
0 0.148333 0.236250 0.113333 0.092500
0 0.105833 0.287500 0.101667 0.095000
0 0.018333 0.363750 0.033333 0.192500
0 0.142500 0.473750 0.188333 0.077500
0 0.268333 0.342500 0.110000 0.180000
0 0.330833 0.366250 0.058333 0.152500
0 0.743333 0.482500 0.133333 0.150000
0 0.697500 0.262500 0.115000 0.210000
0 0.789167 0.710000 0.071667 0.280000
0 0.473333 0.672500 0.103333 0.205000
0 0.342500 0.717500 0.075000 0.220000
0 0.431667 0.927500 0.070000 0.135000
0 0.681667 0.967500 0.106667 0.055000
0 0.249167 0.763750 0.105000 0.097500
0 0.194167 0.730000 0.075000 0.140000
0 0.221667 0.600000 0.116667 0.180000
0 0.515833 0.563750 0.051667 0.192500
0 0.686667 0.730000 0.140000 0.105000
5 0.391667 0.076250 0.090000 0.087500
1 0.380000 0.558750 0.056667 0.067500
0 0.664167 0.195000 0.061667 0.195000
5 0.431667 0.501250 0.046667 0.077500