0 0.435833 0.128750 0.091667 0.182500
0 0.370000 0.185000 0.066667 0.130000
0 0.253333 0.200000 0.090000 0.200000
0 0.210833 0.022500 0.081667 0.045000
0 0.135000 0.191250 0.040000 0.182500
0 0.025000 0.190000 0.046667 0.160000
0 0.050000 0.362500 0.066667 0.145000
0 0.025833 0.415000 0.035000 0.175000
0 0.375000 0.323750 0.096667 0.172500
0 0.418333 0.363750 0.076667 0.057500
0 0.017500 0.340000 0.031667 0.140000
0 0.571667 0.482500 0.123333 0.175000
0 0.648333 0.583750 0.130000 0.092500
0 0.610000 0.758750 0.093333 0.197500
0 0.775833 0.503750 0.081667 0.247500
0 0.827500 0.492500 0.101667 0.110000
0 0.955000 0.483750 0.063333 0.082500
0 0.887500 0.628750 0.088333 0.187500
0 0.831667 0.908750 0.183333 0.087500
0 0.422500 0.860000 0.121667 0.120000
0 0.248333 0.811250 0.136667 0.147500
0 0.136667 0.727500 0.090000 0.210000
0 0.095000 0.866250 0.163333 0.137500
0 0.089167 0.895000 0.091667 0.115000
1 0.034167 0.881250 0.035000 0.062500
0 0.649167 0.170000 0.081667 0.120000
1 0.596667 0.358750 0.050000 0.062500
1 0.197500 0.090000 0.041667 0.055000