0 0.187500 0.401250 0.128333 0.117500
0 0.284167 0.297500 0.051667 0.170000
0 0.405000 0.277500 0.146667 0.085000
0 0.480000 0.140000 0.066667 0.130000
0 0.552500 0.053750 0.118333 0.087500
0 0.592500 0.163750 0.071667 0.117500
0 0.605000 0.298750 0.080000 0.162500
0 0.590833 0.278750 0.131667 0.107500
0 0.828333 0.402500 0.100000 0.255000
0 0.949167 0.247500 0.085000 0.135000
0 0.896667 0.103750 0.130000 0.127500
0 0.736667 0.055000 0.090000 0.095000
0 0.639167 0.406250 0.115000 0.052500
0 0.542500 0.406250 0.138333 0.047500
0 0.540000 0.465000 0.036667 0.070000
0 0.652500 0.551250 0.175000 0.077500
0 0.885000 0.665000 0.093333 0.160000
0 0.217500 0.503750 0.148333 0.097500
0 0.173333 0.597500 0.116667 0.190000
0 0.158333 0.698750 0.100000 0.137500
0 0.179167 0.927500 0.078333 0.140000
0 0.371667 0.930000 0.083333 0.130000
0 0.520000 0.840000 0.086667 0.075000
0 0.648333 0.843750 0.093333 0.062500
0 0.757500 0.836250 0.128333 0.087500
0 0.692500 0.742500 0.088333 0.085000
0 0.596667 0.655000 0.090000 0.120000
0 0.453333 0.510000 0.116667 0.140000
0 0.382500 0.403750 0.151667 0.047500
0 0.290833 0.657500 0.081667 0.180000
0 0.358333 0.552500 0.050000 0.155000
0 0.442500 0.608750 0.155000 0.072500
0 0.418333 0.705000 0.096667 0.090000
0 0.572500 0.910000 0.071667 0.100000
0 0.562500 0.975000 0.045000 0.040000
0 0.031667 0.315000 0.056667 0.230000