0 0.641208 0.446863 0.028517 0.108325
0 0.074825 0.507175 0.144883 0.102350
0 0.450392 0.372387 0.039850 0.108325
0 0.901950 0.651312 0.030467 0.157825
0 0.358017 0.718225 0.091800 0.211450
0 0.837108 0.872650 0.038283 0.227600
0 0.751558 0.113738 0.093750 0.114725
0 0.366208 0.795837 0.050383 0.122925
0 0.593358 0.861712 0.046883 0.143225
0 0.147950 0.066225 0.073633 0.028000
0 0.345017 0.732550 0.058000 0.160950
0 0.468167 0.243037 0.102733 0.161325
0 0.160650 0.502737 0.065633 0.225775
0 0.763467 0.380200 0.101167 0.078650
0 0.632817 0.697137 0.087500 0.131775
0 0.654292 0.911975 0.060150 0.156250
0 0.183583 0.877875 0.051167 0.041150
0 0.279592 0.391412 0.089250 0.134375
0 0.870708 0.690112 0.064850 0.029175
0 0.178333 0.346250 0.063333 0.067500
0 0.102500 0.893750 0.075000 0.147500
1 0.527500 0.625000 0.065000 0.130000
1 0.419167 0.755000 0.068333 0.090000
4 0.722500 0.806250 0.071667 0.092500
1 0.886667 0.910000 0.053333 0.075000
4 0.755000 0.451250 0.086667 0.077500
4 0.945000 0.502500 0.090000 0.090000
1 0.556667 0.456250 0.080000 0.092500
1 0.305833 0.215000 0.075000 0.065000
1 0.540833 0.038750 0.058333 0.057500
1 0.785000 0.025000 0.046667 0.050000
1 0.933333 0.086250 0.036667 0.072500
1 0.977500 0.116250 0.041667 0.072500
0 0.308333 0.367500 0.090000 0.075000