0 0.096667 0.258750 0.110000 0.217500
0 0.111667 0.086250 0.130000 0.152500
0 0.525833 0.185000 0.118333 0.105000
0 0.665833 0.042500 0.098333 0.065000
0 0.834167 0.151250 0.121667 0.187500
0 0.734167 0.280000 0.098333 0.250000
0 0.608333 0.376250 0.110000 0.142500
0 0.930000 0.410000 0.093333 0.170000
0 0.815833 0.570000 0.051667 0.080000
0 0.235000 0.272500 0.086667 0.095000
0 0.375833 0.243750 0.055000 0.177500
0 0.300833 0.283750 0.061667 0.077500
0 0.076667 0.456250 0.140000 0.182500
0 0.685833 0.652500 0.061667 0.130000
0 0.584167 0.660000 0.091667 0.160000
0 0.740000 0.852500 0.153333 0.145000
0 0.281667 0.930000 0.176667 0.090000
0 0.268333 0.703750 0.156667 0.272500
1 0.846667 0.907500 0.050000 0.065000
1 0.731667 0.613750 0.036667 0.082500
1 0.711667 0.228750 0.060000 0.077500
1 0.514167 0.100000 0.061667 0.040000
4 0.385833 0.462500 0.115000 0.155000
1 0.037500 0.266250 0.051667 0.067500
1 0.602500 0.813750 0.065000 0.097500
1 0.805833 0.322500 0.045000 0.065000
1 0.970833 0.338750 0.055000 0.077500
1 0.138333 0.535000 0.040000 0.070000