0 0.040833 0.161250 0.078333 0.077500
0 0.073333 0.327500 0.090000 0.125000
0 0.461667 0.190000 0.066667 0.175000
0 0.871667 0.313750 0.106667 0.187500
0 0.815000 0.693750 0.043333 0.047500
0 0.144167 0.923750 0.088333 0.147500
0 0.753333 0.435000 0.053333 0.170000
0 0.936667 0.710000 0.123333 0.060000
1 0.816667 0.141250 0.056667 0.077500
0 0.493333 0.607500 0.130000 0.195000
1 0.599167 0.123750 0.058333 0.077500
1 0.620000 0.917500 0.066667 0.065000
1 0.781667 0.672500 0.066667 0.095000
3 0.398333 0.352500 0.033333 0.045000
3 0.333333 0.636250 0.043333 0.057500
3 0.385000 0.857500 0.033333 0.050000
3 0.572500 0.723750 0.038333 0.052500