0 0.217500 0.217500 0.101667 0.185000
0 0.179167 0.032500 0.075000 0.065000
0 0.072500 0.041250 0.111667 0.082500
0 0.671667 0.077500 0.180000 0.055000
0 0.730000 0.125000 0.120000 0.030000
0 0.665833 0.670000 0.141667 0.140000
0 0.505000 0.536250 0.040000 0.087500
0 0.190833 0.792500 0.085000 0.115000
0 0.793333 0.795000 0.150000 0.070000
0 0.872500 0.536250 0.121667 0.197500
1 0.736667 0.186250 0.060000 0.067500
1 0.962500 0.203750 0.048333 0.072500
1 0.905000 0.725000 0.060000 0.100000
1 0.771667 0.971250 0.046667 0.052500
3 0.564167 0.933750 0.031667 0.052500
3 0.504167 0.708750 0.031667 0.062500
3 0.560833 0.408750 0.048333 0.057500