1 0.114167 0.077500 0.065000 0.075000
0 0.308333 0.262500 0.173333 0.065000
0 0.355000 0.327500 0.163333 0.095000
0 0.682500 0.358750 0.065000 0.237500
0 0.726667 0.597500 0.133333 0.090000
0 0.452500 0.567500 0.081667 0.060000
0 0.407500 0.630000 0.095000 0.065000
0 0.425000 0.703750 0.153333 0.042500
0 0.487500 0.840000 0.141667 0.095000
0 0.742500 0.861250 0.108333 0.192500
0 0.255000 0.857500 0.173333 0.100000
4 0.331667 0.542500 0.090000 0.120000
1 0.507500 0.645000 0.105000 0.100000
1 0.400000 0.922500 0.043333 0.060000
1 0.073333 0.880000 0.056667 0.065000
0 0.580833 0.056250 0.068333 0.112500