0 0.038333 0.212500 0.066667 0.230000
0 0.163333 0.381250 0.170000 0.137500
0 0.172500 0.370000 0.171667 0.040000
0 0.146667 0.371250 0.086667 0.117500
0 0.029167 0.491250 0.055000 0.082500
0 0.110833 0.570000 0.121667 0.120000
0 0.576667 0.436250 0.183333 0.127500
0 0.555833 0.435000 0.115000 0.090000
0 0.753333 0.480000 0.170000 0.105000
0 0.688333 0.338750 0.113333 0.182500
0 0.674167 0.566250 0.061667 0.172500
0 0.494167 0.768750 0.051667 0.137500
0 0.718333 0.921250 0.080000 0.152500
0 0.630000 0.947500 0.063333 0.100000
0 0.549167 0.963750 0.045000 0.062500
0 0.505000 0.938750 0.093333 0.117500
0 0.848333 0.863750 0.133333 0.107500
0 0.965000 0.820000 0.066667 0.105000
0 0.970000 0.500000 0.056667 0.100000
0 0.935833 0.581250 0.115000 0.262500
0 0.927500 0.658750 0.101667 0.162500
1 0.888333 0.450000 0.040000 0.060000
1 0.017500 0.675000 0.035000 0.050000
0 0.153333 0.103750 0.043333 0.072500
1 0.325833 0.401250 0.038333 0.062500
1 0.478333 0.137500 0.053333 0.065000
1 0.577500 0.150000 0.055000 0.060000
1 0.559167 0.078750 0.061667 0.067500
1 0.646667 0.715000 0.060000 0.065000
1 0.795833 0.941250 0.051667 0.062500
4 0.208333 0.682500 0.100000 0.160000