0 0.135833 0.131250 0.155000 0.087500
0 0.217500 0.027500 0.051667 0.055000
0 0.252500 0.203750 0.101667 0.127500
0 0.444167 0.020000 0.131667 0.040000
0 0.562500 0.041250 0.178333 0.062500
0 0.789167 0.168750 0.145000 0.102500
0 0.938333 0.131250 0.120000 0.122500
0 0.485000 0.262500 0.093333 0.175000
0 0.518333 0.195000 0.106667 0.190000
0 0.945000 0.295000 0.106667 0.095000
0 0.951667 0.413750 0.093333 0.087500
0 0.895000 0.503750 0.166667 0.072500
0 0.759167 0.431250 0.108333 0.102500
0 0.725833 0.542500 0.055000 0.220000
0 0.425000 0.608750 0.120000 0.237500
0 0.219167 0.685000 0.175000 0.050000
0 0.198333 0.750000 0.133333 0.080000
0 0.098333 0.630000 0.090000 0.200000
0 0.161667 0.911250 0.150000 0.137500
0 0.096667 0.933750 0.030000 0.117500
0 0.040000 0.866250 0.076667 0.112500
0 0.625833 0.931250 0.091667 0.132500
1 0.551667 0.367500 0.053333 0.070000
0 0.035833 0.583750 0.068333 0.042500
0 0.248333 0.475000 0.166667 0.090000