0 0.187500 0.148750 0.098333 0.222500
0 0.230000 0.333750 0.106667 0.087500
0 0.312500 0.288750 0.105000 0.122500
0 0.368333 0.338750 0.053333 0.122500
0 0.586667 0.342500 0.133333 0.095000
0 0.719167 0.258750 0.085000 0.237500
0 0.660000 0.190000 0.073333 0.185000
0 0.287500 0.523750 0.045000 0.127500
0 0.355000 0.695000 0.083333 0.205000
0 0.205833 0.712500 0.118333 0.080000
0 0.040833 0.345000 0.048333 0.205000
0 0.493333 0.622500 0.086667 0.165000
0 0.696667 0.663750 0.173333 0.152500
0 0.790000 0.695000 0.103333 0.100000
0 0.929167 0.613750 0.128333 0.112500
0 0.977500 0.455000 0.041667 0.090000
0 0.935000 0.903750 0.083333 0.187500
0 0.432500 0.941250 0.151667 0.062500
0 0.712500 0.833750 0.148333 0.092500
5 0.430000 0.498750 0.053333 0.062500
1 0.385833 0.547500 0.045000 0.075000
1 0.150833 0.587500 0.051667 0.065000
0 0.201667 0.580000 0.110000 0.160000
5 0.394167 0.080000 0.088333 0.085000
1 0.665833 0.456250 0.058333 0.067500