0 0.382500 0.551250 0.145000 0.082500
0 0.371667 0.585000 0.046667 0.175000
0 0.075000 0.596250 0.083333 0.182500
0 0.253333 0.430000 0.030000 0.210000
0 0.215833 0.416250 0.041667 0.107500
0 0.034167 0.847500 0.068333 0.125000
0 0.912500 0.712500 0.168333 0.105000
0 0.731667 0.808750 0.090000 0.082500
1 0.497500 0.866250 0.051667 0.082500
1 0.695000 0.632500 0.063333 0.080000
1 0.705833 0.090000 0.065000 0.070000
3 0.442500 0.673750 0.031667 0.047500
3 0.205833 0.585000 0.035000 0.050000
3 0.315000 0.298750 0.036667 0.042500
3 0.255000 0.800000 0.036667 0.050000
1 0.513333 0.088750 0.066667 0.067500