1 0.149167 0.135000 0.055000 0.095000
0 0.356667 0.036250 0.080000 0.072500
0 0.322500 0.183750 0.188333 0.107500
0 0.558333 0.080000 0.136667 0.155000
0 0.165833 0.327500 0.128333 0.185000
0 0.229167 0.363750 0.071667 0.132500
0 0.377500 0.466250 0.088333 0.262500
0 0.513333 0.428750 0.150000 0.092500
0 0.878333 0.481250 0.040000 0.207500
0 0.930000 0.396250 0.083333 0.127500
0 0.879167 0.295000 0.045000 0.160000
0 0.874167 0.217500 0.148333 0.085000
0 0.188333 0.578750 0.060000 0.177500
0 0.265833 0.533750 0.058333 0.202500
0 0.065000 0.626250 0.126667 0.112500
0 0.030833 0.888750 0.058333 0.082500
0 0.635833 0.861250 0.171667 0.067500
0 0.642500 0.848750 0.161667 0.162500
0 0.925000 0.645000 0.146667 0.080000
3 0.457500 0.191250 0.058333 0.067500
1 0.397500 0.668750 0.058333 0.092500
1 0.456667 0.685000 0.060000 0.090000
1 0.584167 0.483750 0.041667 0.062500
1 0.683333 0.390000 0.066667 0.085000
0 0.678333 0.688750 0.210000 0.092500
1 0.823333 0.600000 0.053333 0.080000
1 0.241667 0.687500 0.046667 0.075000
1 0.128333 0.830000 0.066667 0.095000
1 0.338333 0.827500 0.083333 0.080000