0 0.197500 0.288750 0.038333 0.237500
0 0.316667 0.192500 0.043333 0.125000
0 0.323333 0.251250 0.093333 0.117500
0 0.308333 0.095000 0.093333 0.190000
0 0.368333 0.142500 0.053333 0.085000
0 0.427500 0.048750 0.155000 0.082500
0 0.436667 0.250000 0.103333 0.120000
0 0.455000 0.371250 0.046667 0.162500
0 0.555833 0.090000 0.045000 0.180000
0 0.649167 0.078750 0.035000 0.142500
0 0.695833 0.052500 0.061667 0.090000
0 0.818333 0.042500 0.086667 0.085000
0 0.656667 0.342500 0.053333 0.245000
0 0.264167 0.381250 0.118333 0.087500
0 0.179167 0.502500 0.158333 0.145000
0 0.170833 0.648750 0.055000 0.102500
0 0.195000 0.726250 0.080000 0.122500
0 0.063333 0.926250 0.046667 0.142500
0 0.129167 0.818750 0.071667 0.097500
0 0.049167 0.855000 0.061667 0.050000
0 0.177500 0.918750 0.091667 0.137500
0 0.228333 0.737500 0.090000 0.110000
0 0.262500 0.840000 0.041667 0.190000
0 0.351667 0.877500 0.100000 0.165000
0 0.479167 0.891250 0.058333 0.062500
0 0.530833 0.866250 0.095000 0.067500
0 0.580000 0.903750 0.076667 0.157500
0 0.635000 0.900000 0.033333 0.180000
0 0.472500 0.680000 0.065000 0.140000
0 0.465833 0.555000 0.165000 0.140000
0 0.320833 0.530000 0.098333 0.100000
0 0.757500 0.377500 0.075000 0.095000
0 0.725000 0.512500 0.086667 0.150000
0 0.630000 0.601250 0.103333 0.072500
0 0.616667 0.651250 0.066667 0.042500
0 0.776667 0.651250 0.086667 0.217500
0 0.766667 0.805000 0.123333 0.070000
0 0.907500 0.913750 0.061667 0.167500
0 0.962500 0.786250 0.068333 0.092500
0 0.925833 0.612500 0.118333 0.210000
0 0.942500 0.430000 0.058333 0.140000
0 0.847500 0.540000 0.055000 0.255000