0 0.847667 0.737513 0.103133 0.091675
0 0.176667 0.332500 0.096667 0.255000
0 0.572500 0.023750 0.141667 0.047500
0 0.706667 0.118750 0.116667 0.067500
0 0.900000 0.090000 0.050000 0.160000
0 0.791667 0.322500 0.116667 0.115000
0 0.794167 0.505000 0.078333 0.315000
0 0.468333 0.257500 0.136667 0.115000
0 0.588333 0.243750 0.096667 0.142500
0 0.428333 0.433750 0.053333 0.187500
0 0.486667 0.490000 0.066667 0.145000
0 0.306667 0.443750 0.086667 0.072500
0 0.155833 0.565000 0.115000 0.170000
0 0.105833 0.773750 0.118333 0.117500
0 0.106667 0.848750 0.063333 0.182500
0 0.288333 0.681250 0.056667 0.142500
0 0.396667 0.890000 0.113333 0.120000
0 0.450833 0.793750 0.085000 0.152500
0 0.065000 0.143750 0.090000 0.067500
1 0.616667 0.630000 0.073333 0.080000
0 0.587500 0.112500 0.048333 0.050000
1 0.621667 0.126250 0.050000 0.057500