0 0.196667 0.021250 0.050000 0.032500
0 0.405000 0.032500 0.046667 0.065000
0 0.489167 0.178750 0.158333 0.102500
0 0.349167 0.277500 0.025000 0.220000
0 0.280000 0.267500 0.146667 0.035000
0 0.280833 0.313750 0.131667 0.097500
0 0.343333 0.346250 0.113333 0.172500
0 0.563333 0.313750 0.036667 0.162500
0 0.608333 0.183750 0.043333 0.217500
0 0.756667 0.458750 0.223333 0.047500
0 0.943333 0.470000 0.056667 0.160000
1 0.634167 0.558750 0.048333 0.067500
0 0.240000 0.618750 0.093333 0.252500
0 0.239167 0.566250 0.038333 0.042500
0 0.271667 0.725000 0.140000 0.190000
0 0.328333 0.565000 0.050000 0.170000
0 0.453333 0.910000 0.090000 0.125000
0 0.268333 0.912500 0.066667 0.170000
3 0.059167 0.848750 0.035000 0.057500
0 0.900000 0.828750 0.053333 0.092500
1 0.967500 0.845000 0.061667 0.090000