0 0.143333 0.278750 0.093333 0.117500
0 0.266667 0.202500 0.083333 0.155000
0 0.335000 0.087500 0.066667 0.080000
0 0.342500 0.041250 0.085000 0.082500
0 0.411667 0.078750 0.026667 0.157500
0 0.549167 0.100000 0.165000 0.200000
0 0.816667 0.170000 0.066667 0.145000
0 0.837500 0.286250 0.128333 0.092500
0 0.862500 0.438750 0.038333 0.122500
0 0.842500 0.455000 0.175000 0.150000
0 0.955833 0.545000 0.075000 0.110000
0 0.314167 0.240000 0.171667 0.100000
0 0.244167 0.585000 0.035000 0.150000
0 0.327500 0.680000 0.045000 0.180000
0 0.354167 0.511250 0.105000 0.242500
0 0.568333 0.431250 0.096667 0.117500
0 0.679167 0.693750 0.178333 0.102500
0 0.918333 0.677500 0.150000 0.075000
0 0.631667 0.906250 0.170000 0.067500
0 0.498333 0.850000 0.103333 0.120000
0 0.140000 0.941250 0.063333 0.112500
0 0.060000 0.932500 0.060000 0.120000
0 0.026667 0.896250 0.046667 0.092500
0 0.055000 0.657500 0.110000 0.095000
1 0.192500 0.063750 0.065000 0.072500
1 0.139167 0.170000 0.075000 0.080000
1 0.463333 0.023750 0.046667 0.042500
1 0.443333 0.690000 0.053333 0.100000
1 0.392500 0.697500 0.051667 0.095000
1 0.815833 0.633750 0.061667 0.087500
1 0.334167 0.852500 0.078333 0.090000