0 0.138333 0.085000 0.163333 0.050000
0 0.203333 0.291250 0.106667 0.057500
0 0.289167 0.305000 0.065000 0.070000
0 0.266667 0.302500 0.066667 0.195000
0 0.262500 0.436250 0.051667 0.112500
0 0.240000 0.441250 0.156667 0.102500
0 0.402500 0.270000 0.111667 0.075000
0 0.415833 0.131250 0.165000 0.187500
0 0.455000 0.113750 0.103333 0.172500
0 0.550000 0.178750 0.043333 0.057500
0 0.520833 0.233750 0.078333 0.097500
1 0.597500 0.157500 0.061667 0.115000
0 0.710833 0.197500 0.085000 0.115000
0 0.785000 0.387500 0.096667 0.145000
1 0.830833 0.557500 0.048333 0.065000
0 0.200000 0.668750 0.190000 0.067500
0 0.181667 0.600000 0.060000 0.135000
0 0.132500 0.745000 0.141667 0.120000
0 0.040833 0.840000 0.055000 0.245000
0 0.265000 0.896250 0.073333 0.172500
0 0.379167 0.786250 0.135000 0.092500
0 0.485000 0.766250 0.080000 0.107500
0 0.730833 0.861250 0.095000 0.257500
0 0.919167 0.648750 0.071667 0.282500