0 0.210000 0.030000 0.120000 0.060000
0 0.263333 0.163750 0.080000 0.172500
0 0.360833 0.202500 0.058333 0.155000
0 0.430833 0.101250 0.075000 0.187500
0 0.367500 0.315000 0.108333 0.170000
0 0.408333 0.365000 0.073333 0.070000
0 0.116667 0.208750 0.066667 0.177500
0 0.076667 0.202500 0.123333 0.085000
0 0.026667 0.280000 0.050000 0.120000
0 0.012500 0.362500 0.021667 0.070000
0 0.029167 0.431250 0.055000 0.162500
0 0.115000 0.703750 0.096667 0.192500
0 0.220833 0.786250 0.108333 0.207500
0 0.115833 0.866250 0.148333 0.072500
0 0.123333 0.968750 0.096667 0.052500
0 0.416667 0.866250 0.106667 0.127500
0 0.560833 0.815000 0.155000 0.185000
0 0.700833 0.613750 0.135000 0.112500
0 0.719167 0.471250 0.098333 0.162500
0 0.725833 0.382500 0.111667 0.130000
0 0.614167 0.420000 0.111667 0.120000
0 0.631667 0.185000 0.103333 0.160000
0 0.956667 0.500000 0.076667 0.130000
0 0.870833 0.902500 0.168333 0.075000
1 0.582500 0.370000 0.041667 0.070000
1 0.023333 0.893750 0.043333 0.067500
1 0.176667 0.106250 0.040000 0.052500