0 0.292500 0.088750 0.171667 0.122500
0 0.177500 0.380000 0.161667 0.140000
0 0.194167 0.366250 0.118333 0.037500
0 0.155833 0.372500 0.068333 0.135000
0 0.099167 0.538750 0.108333 0.062500
0 0.040000 0.508750 0.076667 0.077500
0 0.031667 0.352500 0.063333 0.190000
0 0.044167 0.202500 0.081667 0.215000
0 0.698333 0.336250 0.116667 0.152500
0 0.595833 0.415000 0.065000 0.135000
0 0.521667 0.470000 0.180000 0.100000
0 0.734167 0.455000 0.115000 0.065000
0 0.673333 0.570000 0.076667 0.195000
0 0.939167 0.695000 0.041667 0.250000
0 0.959167 0.551250 0.078333 0.192500
0 0.864167 0.857500 0.155000 0.120000
0 0.964167 0.840000 0.068333 0.080000
0 0.622500 0.936250 0.061667 0.107500
0 0.651667 0.923750 0.156667 0.147500
0 0.434167 0.890000 0.155000 0.100000
0 0.584167 0.795000 0.131667 0.110000
0 0.143333 0.875000 0.063333 0.245000
0 0.170000 0.098750 0.036667 0.057500
1 0.480833 0.130000 0.048333 0.060000
1 0.584167 0.135000 0.041667 0.070000
1 0.576667 0.058750 0.056667 0.077500
1 0.322500 0.400000 0.068333 0.085000
1 0.650000 0.712500 0.056667 0.055000
1 0.895000 0.456250 0.046667 0.057500
4 0.221667 0.673750 0.093333 0.142500
1 0.029167 0.666250 0.038333 0.042500
1 0.799167 0.936250 0.048333 0.062500