0 0.020000 0.142500 0.040000 0.050000
1 0.040000 0.198750 0.046667 0.057500
0 0.080833 0.166250 0.065000 0.067500
0 0.160833 0.085000 0.098333 0.050000
0 0.238333 0.062500 0.090000 0.105000
0 0.200833 0.358750 0.078333 0.142500
0 0.354167 0.335000 0.098333 0.150000
0 0.406667 0.368750 0.080000 0.072500
0 0.643333 0.332500 0.106667 0.110000
0 0.571667 0.230000 0.093333 0.100000
0 0.954167 0.613750 0.055000 0.167500
0 0.960833 0.502500 0.075000 0.120000
0 0.838333 0.905000 0.126667 0.095000
0 0.932500 0.962500 0.115000 0.070000
0 0.870000 0.697500 0.043333 0.240000
0 0.043333 0.720000 0.060000 0.210000
0 0.336667 0.952500 0.143333 0.090000
0 0.076667 0.972500 0.066667 0.050000
1 0.479167 0.465000 0.048333 0.085000