0 0.165000 0.095000 0.086667 0.165000
0 0.052500 0.292500 0.101667 0.175000
0 0.331667 0.470000 0.180000 0.100000
0 0.513333 0.441250 0.083333 0.157500
0 0.578333 0.356250 0.073333 0.132500
0 0.158333 0.642500 0.113333 0.090000
0 0.115000 0.808750 0.040000 0.212500
0 0.055000 0.725000 0.093333 0.065000
0 0.017500 0.812500 0.031667 0.155000
0 0.230000 0.846250 0.076667 0.112500
0 0.449167 0.685000 0.058333 0.180000
0 0.606667 0.808750 0.070000 0.172500
0 0.744167 0.757500 0.121667 0.165000
0 0.900000 0.767500 0.053333 0.185000
0 0.948333 0.697500 0.053333 0.125000
0 0.794167 0.517500 0.155000 0.140000
0 0.745833 0.438750 0.135000 0.142500
0 0.668333 0.320000 0.080000 0.145000
0 0.825833 0.193750 0.178333 0.067500
0 0.926667 0.258750 0.143333 0.052500
0 0.612500 0.106250 0.111667 0.097500
0 0.623333 0.162500 0.053333 0.095000
0 0.700000 0.100000 0.090000 0.140000
1 0.285000 0.626250 0.060000 0.092500
0 0.181667 0.272500 0.053333 0.075000
5 0.269167 0.231250 0.045000 0.082500