0 0.210833 0.146250 0.095000 0.227500
0 0.259167 0.340000 0.125000 0.125000
0 0.322500 0.446250 0.091667 0.117500
0 0.437500 0.227500 0.095000 0.200000
0 0.513333 0.276250 0.113333 0.132500
0 0.670000 0.280000 0.133333 0.220000
0 0.855833 0.405000 0.118333 0.145000
0 0.705000 0.720000 0.150000 0.080000
0 0.475000 0.566250 0.096667 0.057500
0 0.325000 0.710000 0.063333 0.190000
0 0.340000 0.735000 0.100000 0.130000
0 0.395000 0.852500 0.113333 0.135000
0 0.204167 0.741250 0.081667 0.147500
0 0.217500 0.592500 0.108333 0.110000
0 0.381667 0.497500 0.110000 0.055000
5 0.451667 0.483750 0.063333 0.062500
5 0.396667 0.073750 0.070000 0.047500
1 0.387500 0.553750 0.048333 0.057500
1 0.115000 0.625000 0.050000 0.085000