0 0.038333 0.185000 0.046667 0.205000
0 0.360000 0.075000 0.176667 0.125000
0 0.081667 0.345000 0.046667 0.105000
0 0.342500 0.340000 0.088333 0.135000
0 0.243333 0.413750 0.070000 0.147500
0 0.281667 0.523750 0.186667 0.087500
0 0.048333 0.651250 0.063333 0.072500
0 0.527500 0.243750 0.068333 0.112500
0 0.599167 0.138750 0.138333 0.132500
0 0.712500 0.282500 0.181667 0.085000
0 0.802500 0.388750 0.161667 0.077500
0 0.700833 0.625000 0.135000 0.175000
0 0.525833 0.416250 0.038333 0.217500
0 0.405833 0.725000 0.151667 0.110000
0 0.042500 0.840000 0.078333 0.160000
0 0.664167 0.840000 0.111667 0.130000
0 0.836667 0.692500 0.110000 0.065000
0 0.928333 0.725000 0.080000 0.125000
1 0.937500 0.373750 0.048333 0.047500
1 0.178333 0.722500 0.063333 0.085000
3 0.458333 0.183750 0.033333 0.052500