0 0.151667 0.195000 0.030000 0.190000
0 0.221667 0.288750 0.073333 0.192500
0 0.065000 0.428750 0.056667 0.122500
0 0.038333 0.353750 0.040000 0.192500
0 0.362500 0.321250 0.098333 0.142500
0 0.412500 0.365000 0.075000 0.050000
0 0.394167 0.185000 0.061667 0.110000
0 0.415000 0.176250 0.096667 0.132500
0 0.677500 0.311250 0.145000 0.082500
0 0.658333 0.150000 0.076667 0.120000
0 0.920833 0.525000 0.095000 0.150000
0 0.676667 0.717500 0.100000 0.165000
0 0.823333 0.611250 0.126667 0.147500
0 0.623333 0.592500 0.153333 0.075000
0 0.504167 0.555000 0.111667 0.130000
0 0.323333 0.848750 0.156667 0.122500
0 0.156667 0.775000 0.086667 0.205000
0 0.063333 0.780000 0.080000 0.160000
0 0.045833 0.840000 0.091667 0.080000
1 0.055000 0.861250 0.043333 0.057500
0 0.764167 0.923750 0.155000 0.112500
1 0.597500 0.353750 0.051667 0.067500
1 0.213333 0.078750 0.050000 0.052500