0 0.089167 0.212500 0.178333 0.105000
0 0.416667 0.070000 0.190000 0.080000
0 0.600833 0.067500 0.135000 0.125000
0 0.601667 0.212500 0.063333 0.195000
0 0.622500 0.343750 0.165000 0.127500
0 0.761667 0.337500 0.096667 0.155000
0 0.831667 0.303750 0.100000 0.177500
0 0.967500 0.646250 0.058333 0.167500
0 0.493333 0.532500 0.130000 0.110000
0 0.245000 0.266250 0.146667 0.067500
0 0.936667 0.046250 0.123333 0.052500
0 0.808333 0.785000 0.076667 0.185000
1 0.927500 0.756250 0.048333 0.072500
1 0.850833 0.505000 0.048333 0.065000
5 0.889167 0.471250 0.055000 0.067500
5 0.851667 0.051250 0.076667 0.042500
1 0.352500 0.357500 0.058333 0.060000