0 0.063333 0.153750 0.120000 0.132500
0 0.450833 0.051250 0.075000 0.102500
0 0.577500 0.103750 0.081667 0.127500
0 0.750833 0.160000 0.128333 0.120000
0 0.833333 0.275000 0.060000 0.250000
0 0.949167 0.420000 0.098333 0.120000
0 0.901667 0.513750 0.133333 0.067500
0 0.516667 0.217500 0.103333 0.185000
0 0.438333 0.236250 0.083333 0.212500
0 0.927500 0.138750 0.088333 0.232500
0 0.924167 0.157500 0.121667 0.100000
0 0.498333 0.522500 0.173333 0.090000
0 0.395833 0.595000 0.098333 0.230000
0 0.508333 0.672500 0.093333 0.100000
0 0.208333 0.688750 0.176667 0.082500
0 0.109167 0.838750 0.051667 0.137500
0 0.153333 0.950000 0.180000 0.095000
0 0.715000 0.571250 0.060000 0.262500
0 0.962500 0.872500 0.071667 0.175000
1 0.533333 0.382500 0.033333 0.065000