0 0.189167 0.056250 0.108333 0.107500
0 0.076667 0.275000 0.116667 0.210000
0 0.335833 0.457500 0.195000 0.110000
0 0.336667 0.558750 0.133333 0.057500
0 0.102500 0.667500 0.135000 0.095000
0 0.122500 0.788750 0.051667 0.212500
0 0.508333 0.782500 0.073333 0.190000
0 0.640833 0.735000 0.115000 0.035000
0 0.606667 0.597500 0.050000 0.170000
0 0.626667 0.512500 0.103333 0.105000
0 0.577500 0.330000 0.131667 0.140000
0 0.702500 0.292500 0.078333 0.120000
0 0.780833 0.393750 0.111667 0.087500
0 0.888333 0.536250 0.133333 0.112500
0 0.829167 0.467500 0.135000 0.120000
0 0.870833 0.142500 0.161667 0.085000
0 0.694167 0.160000 0.078333 0.140000
0 0.611667 0.125000 0.126667 0.130000
0 0.638333 0.143750 0.053333 0.077500
0 0.783333 0.721250 0.123333 0.162500
0 0.944167 0.697500 0.075000 0.105000
0 0.980000 0.847500 0.030000 0.095000
1 0.300000 0.606250 0.043333 0.052500
3 0.458333 0.182500 0.043333 0.045000
0 0.945000 0.206250 0.106667 0.072500
0 0.204167 0.240000 0.055000 0.080000
5 0.270000 0.226250 0.050000 0.067500