0 0.189167 0.053750 0.068333 0.107500
0 0.160000 0.118750 0.076667 0.032500
0 0.067500 0.066250 0.111667 0.102500
0 0.050000 0.155000 0.040000 0.130000
0 0.263333 0.125000 0.066667 0.150000
0 0.356667 0.307500 0.093333 0.210000
0 0.070000 0.470000 0.080000 0.120000
0 0.552500 0.353750 0.101667 0.092500
0 0.631667 0.232500 0.056667 0.210000
0 0.756667 0.073750 0.066667 0.107500
0 0.769167 0.433750 0.038333 0.187500
0 0.742500 0.695000 0.078333 0.210000
0 0.837500 0.628750 0.095000 0.197500
0 0.932500 0.651250 0.091667 0.152500
0 0.953333 0.518750 0.086667 0.142500
0 0.876667 0.833750 0.140000 0.087500
0 0.937500 0.950000 0.108333 0.080000
0 0.772500 0.907500 0.085000 0.165000
1 0.376667 0.555000 0.053333 0.055000
0 0.475833 0.292500 0.071667 0.105000
0 0.413333 0.357500 0.073333 0.055000
3 0.486667 0.435000 0.030000 0.030000
3 0.607500 0.916250 0.021667 0.042500