0 0.125000 0.286250 0.136667 0.092500
0 0.246667 0.268750 0.146667 0.067500
0 0.395833 0.066250 0.161667 0.077500
0 0.304167 0.091250 0.071667 0.052500
0 0.231667 0.053750 0.130000 0.087500
0 0.609167 0.357500 0.175000 0.155000
0 0.347500 0.711250 0.081667 0.262500
0 0.093333 0.756250 0.130000 0.192500
0 0.717500 0.595000 0.155000 0.070000
0 0.748333 0.346250 0.110000 0.152500
0 0.813333 0.297500 0.076667 0.185000
0 0.904167 0.255000 0.098333 0.100000
0 0.926667 0.023750 0.143333 0.032500
5 0.849167 0.041250 0.068333 0.067500
0 0.968333 0.663750 0.060000 0.152500
5 0.892500 0.463750 0.055000 0.062500
0 0.783333 0.788750 0.090000 0.237500
1 0.910000 0.770000 0.050000 0.080000
1 0.343333 0.350000 0.070000 0.070000