0 0.079167 0.277500 0.111667 0.265000
0 0.332500 0.458750 0.181667 0.102500
0 0.419167 0.541250 0.115000 0.102500
0 0.634167 0.453750 0.095000 0.152500
0 0.852500 0.462500 0.115000 0.165000
0 0.941667 0.553750 0.106667 0.107500
0 0.955833 0.685000 0.068333 0.115000
0 0.719167 0.546250 0.148333 0.082500
0 0.735000 0.683750 0.133333 0.057500
0 0.781667 0.730000 0.090000 0.110000
0 0.543333 0.822500 0.076667 0.185000
0 0.110833 0.658750 0.155000 0.077500
0 0.126667 0.795000 0.056667 0.210000
0 0.227500 0.841250 0.091667 0.137500
0 0.219167 0.050000 0.128333 0.100000
0 0.586667 0.141250 0.143333 0.137500
0 0.645000 0.141250 0.060000 0.087500
0 0.621667 0.328750 0.120000 0.122500
0 0.800833 0.377500 0.131667 0.115000
0 0.870000 0.135000 0.193333 0.060000
0 0.961667 0.183750 0.073333 0.082500
0 0.465000 0.947500 0.073333 0.100000
1 0.319167 0.575000 0.051667 0.070000
5 0.269167 0.218750 0.038333 0.087500
3 0.456667 0.180000 0.033333 0.045000