0 0.153333 0.238750 0.153333 0.142500
0 0.168333 0.471250 0.156667 0.107500
0 0.363333 0.620000 0.066667 0.280000
0 0.123333 0.830000 0.150000 0.100000
0 0.142500 0.782500 0.081667 0.105000
0 0.037500 0.797500 0.071667 0.195000
0 0.225833 0.942500 0.098333 0.105000
0 0.555000 0.805000 0.076667 0.190000
0 0.655833 0.628750 0.048333 0.217500
0 0.483333 0.463750 0.170000 0.052500
0 0.465833 0.677500 0.065000 0.190000
0 0.923333 0.452500 0.130000 0.080000
0 0.683333 0.400000 0.093333 0.105000
0 0.717500 0.221250 0.111667 0.217500
0 0.421667 0.071250 0.086667 0.117500
0 0.332500 0.080000 0.048333 0.160000
0 0.413333 0.337500 0.140000 0.090000
0 0.476667 0.248750 0.120000 0.137500
0 0.773333 0.873750 0.106667 0.157500