0 0.076667 0.207500 0.143333 0.075000
0 0.206667 0.127500 0.100000 0.205000
0 0.174167 0.318750 0.051667 0.177500
0 0.029167 0.361250 0.055000 0.177500
0 0.104167 0.533750 0.048333 0.147500
0 0.229167 0.588750 0.111667 0.147500
0 0.276667 0.325000 0.106667 0.150000
0 0.343333 0.362500 0.046667 0.155000
0 0.662500 0.176250 0.048333 0.187500
0 0.729167 0.055000 0.095000 0.110000
0 0.820833 0.551250 0.108333 0.182500
0 0.680000 0.676250 0.100000 0.052500
0 0.683333 0.712500 0.110000 0.025000
0 0.471667 0.663750 0.103333 0.172500
0 0.385833 0.743750 0.125000 0.107500
0 0.338333 0.717500 0.060000 0.225000
0 0.224167 0.737500 0.111667 0.150000
0 0.100000 0.817500 0.093333 0.110000
0 0.055000 0.718750 0.106667 0.137500
0 0.065833 0.967500 0.115000 0.055000
0 0.479167 0.960000 0.101667 0.075000
1 0.383333 0.547500 0.066667 0.095000
5 0.433333 0.496250 0.046667 0.067500
5 0.400833 0.081250 0.091667 0.082500