0 0.080000 0.160000 0.103333 0.165000
0 0.207500 0.145000 0.095000 0.230000
0 0.272500 0.320000 0.138333 0.155000
0 0.320833 0.367500 0.058333 0.200000
0 0.060833 0.360000 0.121667 0.060000
0 0.655833 0.453750 0.158333 0.137500
0 0.697500 0.257500 0.115000 0.195000
0 0.659167 0.192500 0.071667 0.225000
0 0.510000 0.485000 0.120000 0.210000
0 0.700833 0.701250 0.215000 0.117500
0 0.825833 0.476250 0.165000 0.147500
0 0.464167 0.687500 0.095000 0.210000
0 0.326667 0.725000 0.060000 0.230000
0 0.213333 0.592500 0.116667 0.145000
0 0.214167 0.727500 0.115000 0.145000
0 0.076667 0.841250 0.103333 0.117500
0 0.137500 0.938750 0.075000 0.117500
0 0.400000 0.883750 0.073333 0.227500
1 0.351667 0.538750 0.056667 0.062500
5 0.391667 0.070000 0.090000 0.065000