0 0.135000 0.211250 0.080000 0.217500
0 0.025000 0.497500 0.046667 0.185000
0 0.159167 0.617500 0.125000 0.060000
0 0.143333 0.756250 0.090000 0.197500
0 0.332500 0.447500 0.195000 0.135000
5 0.272500 0.230000 0.041667 0.080000
1 0.364167 0.540000 0.058333 0.080000
0 0.593333 0.131250 0.136667 0.122500
0 0.683333 0.093750 0.060000 0.112500
0 0.675000 0.165000 0.040000 0.115000
0 0.759167 0.211250 0.085000 0.157500
0 0.659167 0.305000 0.151667 0.110000
0 0.806667 0.243750 0.096667 0.107500
0 0.849167 0.308750 0.121667 0.077500
0 0.900000 0.413750 0.150000 0.112500
0 0.947500 0.452500 0.095000 0.085000
0 0.925833 0.106250 0.131667 0.067500
0 0.922500 0.635000 0.081667 0.090000
0 0.811667 0.697500 0.100000 0.150000
0 0.620000 0.947500 0.076667 0.100000
0 0.525000 0.922500 0.043333 0.145000
3 0.453333 0.188750 0.056667 0.062500