0 0.207500 0.142500 0.075000 0.245000
0 0.458333 0.225000 0.083333 0.150000
0 0.506667 0.080000 0.073333 0.160000
0 0.664167 0.168750 0.041667 0.172500
0 0.251667 0.347500 0.130000 0.145000
0 0.315000 0.376250 0.083333 0.167500
0 0.471667 0.561250 0.126667 0.062500
0 0.221667 0.598750 0.110000 0.112500
0 0.330000 0.722500 0.053333 0.190000
0 0.290833 0.685000 0.055000 0.130000
0 0.201667 0.752500 0.086667 0.155000
0 0.329167 0.832500 0.141667 0.135000
3 0.424167 0.602500 0.028333 0.045000
0 0.543333 0.670000 0.130000 0.125000
0 0.691667 0.706250 0.160000 0.087500
0 0.659167 0.853750 0.115000 0.212500
0 0.946667 0.603750 0.100000 0.072500
0 0.856667 0.442500 0.093333 0.190000
0 0.945000 0.335000 0.100000 0.095000
0 0.683333 0.280000 0.093333 0.215000
5 0.433333 0.503750 0.046667 0.052500
1 0.375833 0.556250 0.048333 0.072500
5 0.393333 0.073750 0.093333 0.062500
1 0.633333 0.515000 0.060000 0.070000