0 0.205000 0.132500 0.090000 0.235000
0 0.243333 0.123750 0.080000 0.122500
0 0.472500 0.131250 0.095000 0.132500
0 0.660000 0.155000 0.056667 0.165000
0 0.703333 0.251250 0.106667 0.197500
0 0.849167 0.355000 0.165000 0.110000
0 0.604167 0.390000 0.168333 0.125000
0 0.526667 0.395000 0.060000 0.205000
0 0.395000 0.376250 0.106667 0.127500
0 0.322500 0.396250 0.101667 0.107500
0 0.320000 0.361250 0.050000 0.177500
0 0.270000 0.355000 0.106667 0.145000
0 0.227500 0.450000 0.088333 0.040000
0 0.049167 0.292500 0.051667 0.185000
0 0.210000 0.585000 0.136667 0.115000
0 0.456667 0.676250 0.093333 0.207500
0 0.677500 0.710000 0.155000 0.060000
0 0.745833 0.652500 0.078333 0.210000
0 0.394167 0.818750 0.098333 0.177500
0 0.513333 0.901250 0.133333 0.082500
0 0.328333 0.715000 0.050000 0.190000
0 0.212500 0.738750 0.101667 0.162500
0 0.127500 0.797500 0.078333 0.190000
0 0.026667 0.786250 0.050000 0.167500
1 0.381667 0.538750 0.053333 0.077500
5 0.430000 0.498750 0.053333 0.057500
5 0.395000 0.071250 0.083333 0.087500