0 0.138333 0.075000 0.090000 0.150000
0 0.203333 0.133750 0.086667 0.192500
0 0.083333 0.302500 0.166667 0.065000
0 0.020000 0.411250 0.036667 0.092500
0 0.197500 0.488750 0.125000 0.097500
0 0.220000 0.581250 0.110000 0.117500
0 0.335000 0.376250 0.043333 0.147500
0 0.269167 0.348750 0.105000 0.162500
3 0.238333 0.242500 0.023333 0.055000
5 0.396667 0.071250 0.090000 0.082500
0 0.689167 0.263750 0.108333 0.197500
0 0.525000 0.536250 0.070000 0.177500
0 0.719167 0.455000 0.128333 0.115000
0 0.680000 0.712500 0.173333 0.085000
0 0.470833 0.675000 0.118333 0.190000
1 0.385833 0.548750 0.045000 0.072500
0 0.431667 0.493750 0.050000 0.052500
0 0.338333 0.722500 0.056667 0.225000
0 0.211667 0.723750 0.110000 0.127500
0 0.200000 0.812500 0.140000 0.035000
0 0.042500 0.880000 0.065000 0.180000
0 0.415000 0.925000 0.056667 0.140000
0 0.663333 0.960000 0.123333 0.075000