0 0.489167 0.138750 0.051667 0.187500
0 0.580000 0.106250 0.093333 0.047500
0 0.679167 0.066250 0.108333 0.037500
0 0.777500 0.106250 0.088333 0.172500
0 0.944167 0.052500 0.075000 0.105000
0 0.826667 0.452500 0.076667 0.150000
0 0.780000 0.625000 0.076667 0.190000
0 0.966667 0.788750 0.063333 0.092500
1 0.955000 0.705000 0.040000 0.050000
0 0.768333 0.857500 0.090000 0.085000
0 0.622500 0.840000 0.198333 0.055000
0 0.583333 0.915000 0.123333 0.110000
0 0.483333 0.927500 0.073333 0.125000
0 0.435000 0.867500 0.056667 0.160000
0 0.342500 0.510000 0.115000 0.125000
0 0.279167 0.340000 0.151667 0.120000
0 0.050833 0.278750 0.098333 0.117500
1 0.119167 0.762500 0.065000 0.075000