0 0.385000 0.060000 0.140000 0.090000
0 0.537500 0.095000 0.125000 0.080000
0 0.600000 0.152500 0.070000 0.130000
0 0.620000 0.352500 0.183333 0.140000
0 0.529167 0.552500 0.161667 0.100000
0 0.248333 0.275000 0.146667 0.100000
0 0.140000 0.186250 0.156667 0.147500
1 0.351667 0.353750 0.060000 0.072500
0 0.764167 0.347500 0.088333 0.125000
0 0.827500 0.298750 0.091667 0.217500
0 0.937500 0.038750 0.118333 0.052500
5 0.847500 0.042500 0.085000 0.075000
0 0.800000 0.787500 0.080000 0.235000
0 0.970000 0.651250 0.053333 0.137500
1 0.923333 0.760000 0.043333 0.060000
5 0.894167 0.467500 0.051667 0.070000
1 0.848333 0.510000 0.046667 0.080000