0 0.263333 0.083750 0.063333 0.167500
0 0.300000 0.163750 0.123333 0.132500
0 0.362500 0.247500 0.081667 0.255000
0 0.461667 0.255000 0.096667 0.070000
0 0.530833 0.170000 0.058333 0.260000
0 0.711667 0.218750 0.110000 0.202500
0 0.050000 0.301250 0.080000 0.162500
0 0.060000 0.467500 0.116667 0.045000
0 0.222500 0.570000 0.118333 0.100000
0 0.591667 0.750000 0.116667 0.120000
0 0.733333 0.567500 0.166667 0.095000
0 0.928333 0.640000 0.126667 0.100000
0 0.910000 0.847500 0.106667 0.105000
1 0.882500 0.803750 0.041667 0.067500
1 0.029167 0.848750 0.055000 0.057500
0 0.450000 0.931250 0.133333 0.062500
0 0.588333 0.877500 0.163333 0.100000
0 0.943333 0.905000 0.100000 0.070000