0 0.420000 0.077500 0.210000 0.090000
0 0.264167 0.195000 0.041667 0.130000
0 0.240000 0.282500 0.140000 0.065000
0 0.625000 0.355000 0.163333 0.120000
0 0.761667 0.348750 0.103333 0.157500
0 0.830833 0.292500 0.105000 0.220000
0 0.945000 0.168750 0.106667 0.127500
0 0.938333 0.056250 0.120000 0.057500
0 0.625833 0.483750 0.145000 0.142500
0 0.533333 0.660000 0.130000 0.185000
0 0.593333 0.835000 0.046667 0.230000
0 0.440000 0.925000 0.086667 0.145000
0 0.170833 0.917500 0.151667 0.140000
0 0.035000 0.720000 0.070000 0.075000
0 0.801667 0.778750 0.100000 0.217500
0 0.977500 0.657500 0.035000 0.140000
0 0.986667 0.351250 0.016667 0.112500
5 0.844167 0.045000 0.088333 0.090000
5 0.890000 0.472500 0.050000 0.070000
1 0.844167 0.510000 0.061667 0.065000
1 0.926667 0.765000 0.053333 0.070000
1 0.361667 0.351250 0.063333 0.082500