0 0.075000 0.148750 0.136667 0.117500
0 0.464167 0.042500 0.061667 0.085000
0 0.577500 0.098750 0.158333 0.037500
0 0.499167 0.211250 0.085000 0.197500
0 0.436667 0.237500 0.133333 0.135000
0 0.804167 0.186250 0.091667 0.217500
0 0.930833 0.141250 0.135000 0.087500
0 0.920833 0.123750 0.068333 0.227500
0 0.948333 0.426250 0.096667 0.087500
0 0.886667 0.516250 0.153333 0.087500
0 0.713333 0.563750 0.060000 0.222500
0 0.944167 0.793750 0.085000 0.227500
0 0.403333 0.605000 0.106667 0.230000
0 0.560000 0.507500 0.153333 0.070000
0 0.215000 0.691250 0.163333 0.082500
0 0.109167 0.785000 0.055000 0.160000
0 0.160000 0.940000 0.166667 0.100000
0 0.024167 0.740000 0.045000 0.055000
0 0.028333 0.478750 0.056667 0.077500
1 0.538333 0.375000 0.056667 0.070000