0 0.219167 0.702500 0.115000 0.110000
0 0.365000 0.698750 0.093333 0.217500
0 0.688333 0.680000 0.186667 0.160000
0 0.462500 0.420000 0.131667 0.100000
0 0.538333 0.290000 0.140000 0.120000
0 0.667500 0.202500 0.065000 0.215000
0 0.720833 0.256250 0.081667 0.247500
0 0.293333 0.505000 0.100000 0.150000
0 0.325833 0.288750 0.111667 0.177500
0 0.186667 0.131250 0.136667 0.227500
0 0.083333 0.192500 0.086667 0.190000
0 0.932500 0.643750 0.105000 0.092500
0 0.905833 0.566250 0.071667 0.122500
1 0.353333 0.545000 0.040000 0.055000
1 0.163333 0.570000 0.053333 0.060000
5 0.390833 0.067500 0.121667 0.125000