0 0.178333 0.071250 0.116667 0.137500
0 0.061667 0.287500 0.113333 0.230000
0 0.343333 0.455000 0.203333 0.140000
0 0.574167 0.496250 0.085000 0.167500
0 0.564167 0.345000 0.118333 0.130000
0 0.677500 0.292500 0.078333 0.160000
0 0.598333 0.138750 0.126667 0.122500
0 0.622500 0.152500 0.065000 0.100000
0 0.694167 0.120000 0.045000 0.200000
0 0.833333 0.146250 0.190000 0.087500
0 0.936667 0.208750 0.110000 0.097500
0 0.769167 0.401250 0.101667 0.102500
0 0.810000 0.508750 0.076667 0.137500
0 0.783333 0.498750 0.090000 0.097500
0 0.951667 0.696250 0.060000 0.107500
0 0.950000 0.817500 0.096667 0.100000
0 0.760000 0.750000 0.110000 0.140000
0 0.595833 0.688750 0.098333 0.172500
0 0.477500 0.712500 0.081667 0.180000
0 0.219167 0.595000 0.121667 0.090000
0 0.080000 0.702500 0.133333 0.095000
0 0.121667 0.795000 0.066667 0.195000
1 0.290833 0.601250 0.038333 0.082500
5 0.271667 0.218750 0.060000 0.102500
3 0.457500 0.186250 0.031667 0.052500
3 0.673333 0.426250 0.033333 0.047500