1 0.910150 0.771887 0.023433 0.034375
1 0.052133 0.821612 0.028667 0.039075
0 0.732500 0.550000 0.105000 0.060000
0 0.695000 0.540000 0.090000 0.170000
0 0.660833 0.695000 0.051667 0.170000
0 0.749167 0.672500 0.041667 0.155000
0 0.590000 0.880000 0.190000 0.060000
0 0.795000 0.895000 0.120000 0.040000
0 0.060833 0.621250 0.105000 0.162500
0 0.310000 0.435000 0.040000 0.145000
0 0.278333 0.368750 0.153333 0.057500
0 0.274167 0.382500 0.088333 0.090000
0 0.401667 0.203750 0.033333 0.237500
0 0.480833 0.337500 0.041667 0.125000
0 0.539167 0.320000 0.068333 0.080000
0 0.603333 0.312500 0.086667 0.155000
0 0.963333 0.165000 0.063333 0.070000
0 0.498333 0.206250 0.096667 0.092500
0 0.429167 0.057500 0.088333 0.115000
0 0.306667 0.055000 0.150000 0.110000
0 0.049167 0.070000 0.091667 0.140000