0 0.315833 0.157500 0.051667 0.185000
0 0.160833 0.096250 0.145000 0.072500
0 0.421667 0.190000 0.050000 0.220000
0 0.508333 0.190000 0.103333 0.060000
0 0.602500 0.043750 0.041667 0.082500
0 0.410000 0.430000 0.133333 0.070000
0 0.297500 0.363750 0.115000 0.067500
0 0.756667 0.550000 0.120000 0.080000
0 0.820833 0.361250 0.061667 0.117500
0 0.675833 0.696250 0.065000 0.192500
0 0.958333 0.882500 0.080000 0.085000
0 0.970000 0.742500 0.030000 0.135000
0 0.605000 0.877500 0.170000 0.065000
0 0.386667 0.856250 0.153333 0.117500
1 0.936667 0.772500 0.053333 0.065000
1 0.070000 0.808750 0.053333 0.062500