0 0.311667 0.106250 0.166667 0.132500
0 0.347500 0.266250 0.068333 0.162500
0 0.245833 0.340000 0.085000 0.175000
0 0.271667 0.520000 0.153333 0.100000
0 0.050000 0.368750 0.046667 0.112500
0 0.037500 0.666250 0.068333 0.087500
0 0.263333 0.785000 0.133333 0.060000
0 0.223333 0.855000 0.090000 0.115000
0 0.718333 0.785000 0.136667 0.090000
0 0.680000 0.637500 0.106667 0.175000
0 0.495000 0.446250 0.040000 0.182500
0 0.440000 0.448750 0.073333 0.142500
0 0.506667 0.265000 0.066667 0.110000
0 0.611667 0.138750 0.136667 0.147500
0 0.691667 0.301250 0.193333 0.102500
0 0.767500 0.412500 0.158333 0.065000
1 0.904167 0.398750 0.035000 0.052500
0 0.923333 0.726250 0.083333 0.127500
0 0.921667 0.860000 0.120000 0.115000
1 0.145000 0.747500 0.046667 0.065000
5 0.275000 0.220000 0.040000 0.050000