0 0.216667 0.141250 0.110000 0.207500
0 0.188333 0.303750 0.116667 0.102500
0 0.300000 0.315000 0.113333 0.130000
0 0.360833 0.336250 0.061667 0.107500
0 0.554167 0.363750 0.175000 0.127500
0 0.664167 0.165000 0.041667 0.170000
0 0.710000 0.272500 0.086667 0.235000
0 0.935000 0.126250 0.073333 0.192500
0 0.495833 0.623750 0.081667 0.147500
0 0.704167 0.676250 0.161667 0.152500
0 0.877500 0.626250 0.128333 0.087500
0 0.813333 0.682500 0.046667 0.130000
0 0.963333 0.467500 0.070000 0.135000
0 0.352500 0.715000 0.071667 0.210000
0 0.270000 0.535000 0.080000 0.150000
0 0.216667 0.652500 0.093333 0.135000
0 0.190833 0.720000 0.085000 0.060000
0 0.300000 0.958750 0.073333 0.077500
0 0.360833 0.930000 0.081667 0.095000
0 0.458333 0.945000 0.040000 0.100000
0 0.636667 0.820000 0.126667 0.080000
0 0.919167 0.878750 0.081667 0.202500
0 0.046667 0.351250 0.066667 0.182500
5 0.398333 0.071250 0.090000 0.077500
5 0.426667 0.502500 0.060000 0.065000
1 0.150833 0.583750 0.045000 0.057500
1 0.666667 0.447500 0.046667 0.065000