0 0.371667 0.068750 0.153333 0.087500
0 0.494167 0.096250 0.108333 0.082500
0 0.592500 0.091250 0.058333 0.182500
0 0.620000 0.343750 0.156667 0.112500
0 0.175833 0.180000 0.151667 0.060000
0 0.251667 0.276250 0.130000 0.072500
0 0.588333 0.567500 0.176667 0.100000
0 0.760833 0.348750 0.091667 0.137500
0 0.820000 0.298750 0.070000 0.182500
0 0.934167 0.040000 0.128333 0.030000
5 0.851667 0.040000 0.083333 0.060000
0 0.970000 0.662500 0.056667 0.145000
0 0.795000 0.792500 0.093333 0.185000
0 0.312500 0.906250 0.141667 0.177500
5 0.890000 0.466250 0.053333 0.072500
1 0.348333 0.355000 0.060000 0.070000
1 0.919167 0.765000 0.055000 0.065000