0 0.185000 0.181250 0.153333 0.097500
0 0.089167 0.156250 0.065000 0.207500
0 0.432500 0.063750 0.095000 0.122500
0 0.331667 0.062500 0.070000 0.110000
0 0.472500 0.258750 0.138333 0.147500
0 0.376667 0.418750 0.133333 0.102500
0 0.139167 0.373750 0.108333 0.187500
0 0.357500 0.597500 0.038333 0.235000
0 0.460833 0.492500 0.151667 0.100000
0 0.648333 0.615000 0.043333 0.210000
0 0.790000 0.555000 0.083333 0.170000
0 0.930833 0.456250 0.135000 0.107500
0 0.753333 0.303750 0.113333 0.147500
0 0.713333 0.188750 0.086667 0.112500
0 0.230000 0.842500 0.083333 0.180000
0 0.500000 0.707500 0.093333 0.215000
0 0.138333 0.845000 0.130000 0.090000
0 0.117500 0.737500 0.095000 0.125000
0 0.040833 0.803750 0.058333 0.192500
0 0.740000 0.847500 0.126667 0.155000