0 0.043333 0.250000 0.083333 0.110000
0 0.345000 0.240000 0.080000 0.215000
0 0.286667 0.362500 0.133333 0.050000
0 0.340833 0.437500 0.045000 0.110000
0 0.445833 0.385000 0.111667 0.125000
0 0.444167 0.236250 0.091667 0.107500
0 0.581667 0.178750 0.110000 0.157500
0 0.913333 0.197500 0.156667 0.065000
0 0.945833 0.506250 0.075000 0.187500
0 0.741667 0.551250 0.146667 0.082500
0 0.652500 0.701250 0.085000 0.182500
0 0.516667 0.833750 0.110000 0.132500
0 0.763333 0.891250 0.130000 0.077500
0 0.385000 0.773750 0.053333 0.167500
0 0.930000 0.875000 0.133333 0.070000
1 0.023333 0.851250 0.043333 0.062500
1 0.624167 0.870000 0.125000 0.040000