0 0.078333 0.267500 0.126667 0.145000
0 0.240833 0.270000 0.155000 0.080000
0 0.292500 0.101250 0.101667 0.082500
0 0.296667 0.083750 0.110000 0.062500
0 0.407500 0.055000 0.201667 0.070000
0 0.928333 0.033750 0.123333 0.027500
0 0.766667 0.216250 0.100000 0.172500
0 0.755833 0.351250 0.085000 0.122500
0 0.619167 0.347500 0.161667 0.145000
0 0.930833 0.258750 0.125000 0.162500
0 0.835000 0.257500 0.043333 0.090000
0 0.963333 0.668750 0.066667 0.162500
0 0.796667 0.777500 0.056667 0.205000
0 0.680000 0.613750 0.170000 0.147500
0 0.345833 0.770000 0.081667 0.250000
0 0.083333 0.796250 0.113333 0.227500
5 0.892500 0.465000 0.058333 0.080000
1 0.345000 0.355000 0.053333 0.070000
1 0.915000 0.762500 0.040000 0.060000
5 0.851667 0.042500 0.073333 0.080000