0 0.419167 0.071250 0.211667 0.112500
0 0.821667 0.300000 0.093333 0.205000
0 0.750000 0.337500 0.116667 0.125000
0 0.252500 0.268750 0.148333 0.077500
0 0.218333 0.375000 0.113333 0.110000
0 0.436667 0.347500 0.106667 0.195000
0 0.595000 0.373750 0.146667 0.087500
0 0.584167 0.452500 0.065000 0.175000
0 0.970833 0.756250 0.055000 0.127500
0 0.946667 0.645000 0.056667 0.110000
0 0.889167 0.796250 0.071667 0.162500
0 0.846667 0.920000 0.103333 0.120000
0 0.792500 0.786250 0.061667 0.192500
0 0.474167 0.678750 0.158333 0.137500
0 0.345000 0.765000 0.126667 0.130000
0 0.444167 0.840000 0.141667 0.120000
0 0.346667 0.952500 0.083333 0.090000
0 0.926667 0.012500 0.130000 0.025000
5 0.849167 0.047500 0.088333 0.075000
5 0.895000 0.466250 0.056667 0.067500
1 0.845000 0.510000 0.070000 0.080000
1 0.340833 0.348750 0.048333 0.087500
1 0.901667 0.757500 0.040000 0.065000