0 0.200833 0.133750 0.091667 0.222500
0 0.265833 0.352500 0.101667 0.135000
0 0.140833 0.378750 0.125000 0.097500
0 0.298333 0.321250 0.126667 0.062500
0 0.355000 0.383750 0.070000 0.047500
0 0.326667 0.375000 0.046667 0.175000
0 0.216667 0.597500 0.123333 0.120000
0 0.330833 0.731250 0.045000 0.212500
0 0.219167 0.736250 0.098333 0.132500
0 0.134167 0.897500 0.061667 0.200000
0 0.379167 0.853750 0.031667 0.217500
0 0.450000 0.680000 0.053333 0.185000
0 0.539167 0.448750 0.058333 0.222500
0 0.626667 0.423750 0.116667 0.112500
0 0.705833 0.710000 0.165000 0.110000
0 0.675833 0.266250 0.131667 0.192500
0 0.855000 0.431250 0.050000 0.247500
0 0.035000 0.780000 0.070000 0.120000
0 0.063333 0.220000 0.073333 0.195000
5 0.396667 0.076250 0.073333 0.087500
5 0.431667 0.500000 0.063333 0.060000
1 0.386667 0.546250 0.050000 0.072500