0 0.415000 0.063750 0.226667 0.087500
0 0.232500 0.271250 0.145000 0.077500
0 0.324167 0.383750 0.061667 0.212500
0 0.618333 0.357500 0.166667 0.110000
0 0.763333 0.362500 0.080000 0.145000
0 0.829167 0.310000 0.091667 0.200000
0 0.895833 0.372500 0.101667 0.125000
0 0.978333 0.365000 0.040000 0.105000
0 0.941667 0.042500 0.110000 0.055000
0 0.976667 0.668750 0.040000 0.172500
0 0.956667 0.926250 0.083333 0.112500
0 0.803333 0.787500 0.076667 0.190000
0 0.623333 0.591250 0.080000 0.257500
0 0.455000 0.886250 0.133333 0.127500
5 0.846667 0.045000 0.086667 0.090000
5 0.890000 0.472500 0.056667 0.055000
1 0.850833 0.506250 0.051667 0.067500
1 0.927500 0.762500 0.045000 0.065000
1 0.359167 0.347500 0.051667 0.075000