0 0.039167 0.116250 0.071667 0.137500
0 0.220000 0.146250 0.083333 0.252500
0 0.317500 0.117500 0.071667 0.075000
0 0.554167 0.240000 0.131667 0.180000
0 0.606667 0.125000 0.130000 0.110000
0 0.732500 0.077500 0.098333 0.115000
0 0.858333 0.126250 0.086667 0.117500
0 0.950000 0.362500 0.096667 0.110000
0 0.738333 0.220000 0.140000 0.140000
0 0.840000 0.545000 0.100000 0.090000
0 0.896667 0.571250 0.090000 0.182500
0 0.708333 0.676250 0.060000 0.187500
0 0.115833 0.391250 0.168333 0.152500
0 0.358333 0.430000 0.166667 0.115000
0 0.246667 0.541250 0.130000 0.082500
0 0.261667 0.592500 0.053333 0.085000
0 0.186667 0.726250 0.136667 0.172500
5 0.275833 0.230000 0.031667 0.080000
1 0.442500 0.455000 0.038333 0.080000