0 0.106667 0.233750 0.120000 0.252500
0 0.275000 0.023750 0.080000 0.042500
5 0.276667 0.222500 0.036667 0.075000
0 0.335000 0.455000 0.160000 0.110000
0 0.150000 0.632500 0.140000 0.085000
0 0.581667 0.541250 0.133333 0.107500
0 0.653333 0.316250 0.123333 0.082500
0 0.599167 0.145000 0.121667 0.140000
0 0.809167 0.218750 0.078333 0.232500
0 0.736667 0.218750 0.100000 0.137500
0 0.907500 0.098750 0.161667 0.077500
0 0.835833 0.351250 0.111667 0.127500
0 0.854167 0.443750 0.105000 0.092500
0 0.874167 0.492500 0.078333 0.095000
0 0.856667 0.641250 0.103333 0.077500
0 0.965000 0.665000 0.056667 0.110000
0 0.790000 0.728750 0.086667 0.117500
0 0.608333 0.927500 0.093333 0.130000
0 0.507500 0.947500 0.068333 0.100000
1 0.343333 0.546250 0.056667 0.067500
1 0.459167 0.181250 0.035000 0.057500