0 0.036667 0.052500 0.070000 0.085000
0 0.276667 0.052500 0.153333 0.070000
0 0.455000 0.035000 0.053333 0.070000
0 0.408333 0.202500 0.050000 0.255000
0 0.499167 0.195000 0.095000 0.050000
0 0.576667 0.197500 0.110000 0.190000
0 0.560833 0.361250 0.121667 0.107500
0 0.655833 0.435000 0.078333 0.150000
0 0.729167 0.562500 0.078333 0.085000
0 0.773333 0.580000 0.053333 0.195000
0 0.666667 0.687500 0.073333 0.155000
0 0.250833 0.393750 0.095000 0.072500
0 0.314167 0.365000 0.071667 0.065000
0 0.361667 0.440000 0.030000 0.100000
0 0.256667 0.351250 0.086667 0.162500
0 0.050000 0.593750 0.083333 0.112500
0 0.130833 0.953750 0.108333 0.087500
0 0.600000 0.892500 0.183333 0.065000
0 0.795833 0.881250 0.131667 0.082500
0 0.952500 0.877500 0.088333 0.055000
1 0.059167 0.816250 0.048333 0.067500
1 0.914167 0.768750 0.038333 0.062500