0 0.358333 0.228750 0.100000 0.217500
0 0.530833 0.342500 0.101667 0.115000
0 0.546667 0.151250 0.110000 0.202500
0 0.446667 0.223750 0.076667 0.092500
0 0.435833 0.347500 0.095000 0.125000
0 0.265000 0.368750 0.166667 0.047500
0 0.835000 0.285000 0.130000 0.150000
0 0.938333 0.206250 0.110000 0.127500
0 0.939167 0.485000 0.098333 0.190000
0 0.741667 0.565000 0.133333 0.125000
0 0.654167 0.708750 0.081667 0.177500
0 0.507500 0.726250 0.078333 0.252500
0 0.411667 0.700000 0.090000 0.215000
0 0.584167 0.896250 0.175000 0.087500
0 0.764167 0.901250 0.121667 0.097500
0 0.932500 0.877500 0.125000 0.055000
0 0.945000 0.807500 0.063333 0.125000
1 0.026667 0.843750 0.050000 0.067500