0 0.100833 0.170000 0.065000 0.215000
0 0.213333 0.681250 0.160000 0.102500
0 0.398333 0.588750 0.086667 0.272500
0 0.467500 0.206250 0.051667 0.212500
0 0.515000 0.207500 0.073333 0.205000
0 0.438333 0.035000 0.140000 0.070000
0 0.584167 0.085000 0.091667 0.170000
0 0.753333 0.071250 0.046667 0.097500
0 0.781667 0.162500 0.120000 0.045000
0 0.939167 0.160000 0.088333 0.160000
0 0.945000 0.417500 0.090000 0.100000
0 0.895833 0.515000 0.138333 0.070000
0 0.915833 0.697500 0.121667 0.145000
0 0.721667 0.557500 0.056667 0.250000
0 0.613333 0.512500 0.136667 0.070000
0 0.150000 0.928750 0.123333 0.102500
0 0.265833 0.886250 0.058333 0.172500
0 0.101667 0.755000 0.050000 0.150000
0 0.023333 0.680000 0.046667 0.035000
1 0.542500 0.372500 0.035000 0.065000
3 0.582500 0.286250 0.025000 0.052500
3 0.783333 0.552500 0.030000 0.045000