0 0.211667 0.142500 0.126667 0.155000
0 0.307500 0.117500 0.055000 0.145000
0 0.350000 0.082500 0.053333 0.120000
0 0.592500 0.138750 0.141667 0.127500
0 0.410000 0.298750 0.083333 0.097500
0 0.325833 0.515000 0.111667 0.210000
0 0.205833 0.540000 0.128333 0.080000
0 0.395833 0.495000 0.068333 0.190000
0 0.664167 0.320000 0.191667 0.100000
0 0.680833 0.438750 0.171667 0.057500
0 0.605833 0.568750 0.085000 0.117500
0 0.591667 0.680000 0.060000 0.135000
0 0.281667 0.867500 0.086667 0.150000
0 0.223333 0.841250 0.063333 0.122500
0 0.365833 0.880000 0.131667 0.060000
0 0.605000 0.873750 0.106667 0.132500
0 0.906667 0.716250 0.116667 0.122500
0 0.821667 0.832500 0.096667 0.100000
0 0.930000 0.886250 0.110000 0.137500
1 0.827500 0.436250 0.038333 0.037500
1 0.059167 0.771250 0.045000 0.062500
3 0.456667 0.176250 0.036667 0.047500
5 0.266667 0.226250 0.053333 0.112500