0 0.420000 0.070000 0.210000 0.105000
0 0.318333 0.365000 0.060000 0.170000
0 0.238333 0.282500 0.140000 0.065000
0 0.616667 0.350000 0.153333 0.140000
0 0.760833 0.350000 0.098333 0.140000
0 0.825833 0.435000 0.085000 0.080000
0 0.825833 0.285000 0.098333 0.210000
0 0.985833 0.347500 0.025000 0.135000
0 0.971667 0.658750 0.043333 0.157500
0 0.808333 0.792500 0.093333 0.160000
0 0.603333 0.662500 0.120000 0.215000
0 0.512500 0.876250 0.105000 0.212500
0 0.333333 0.962500 0.123333 0.060000
0 0.918333 0.950000 0.140000 0.055000
1 0.927500 0.758750 0.038333 0.057500
1 0.357500 0.353750 0.058333 0.057500
0 0.937500 0.050000 0.121667 0.060000
5 0.846667 0.036250 0.076667 0.072500
5 0.892500 0.462500 0.058333 0.075000
1 0.848333 0.516250 0.040000 0.062500