0 0.340000 0.267500 0.170000 0.075000
0 0.368333 0.342500 0.146667 0.095000
0 0.709167 0.366250 0.055000 0.237500
0 0.586667 0.070000 0.043333 0.140000
0 0.448333 0.571250 0.076667 0.067500
0 0.421667 0.638750 0.066667 0.077500
0 0.432500 0.711250 0.151667 0.052500
0 0.504167 0.841250 0.138333 0.082500
0 0.283333 0.886250 0.156667 0.052500
0 0.750000 0.870000 0.103333 0.180000
0 0.796667 0.628750 0.133333 0.077500
1 0.510833 0.638750 0.098333 0.082500
1 0.079167 0.896250 0.061667 0.057500
1 0.415000 0.930000 0.046667 0.055000
4 0.329167 0.552500 0.091667 0.115000
1 0.123333 0.085000 0.063333 0.095000