4 0.757825 0.414450 0.184383 0.251300
0 0.872500 0.152500 0.095000 0.175000
0 0.773333 0.153750 0.103333 0.062500
0 0.450000 0.140000 0.146667 0.160000
0 0.320833 0.041250 0.078333 0.072500
0 0.328333 0.323750 0.120000 0.152500
0 0.439167 0.386250 0.088333 0.182500
0 0.372500 0.592500 0.125000 0.215000
0 0.135833 0.616250 0.188333 0.112500
0 0.049167 0.833750 0.068333 0.207500
0 0.175000 0.835000 0.120000 0.190000
0 0.782500 0.643750 0.135000 0.187500
0 0.717500 0.590000 0.061667 0.100000
0 0.643333 0.936250 0.173333 0.112500
1 0.355833 0.230000 0.051667 0.065000