0 0.322500 0.012500 0.101667 0.025000
0 0.146667 0.047500 0.130000 0.080000
0 0.150833 0.086250 0.115000 0.112500
0 0.416667 0.093750 0.096667 0.132500
0 0.579167 0.426250 0.111667 0.127500
0 0.644167 0.421250 0.128333 0.172500
0 0.370000 0.450000 0.156667 0.100000
0 0.275000 0.426250 0.053333 0.132500
0 0.068333 0.482500 0.083333 0.140000
0 0.208333 0.536250 0.106667 0.122500
0 0.317500 0.605000 0.101667 0.100000
0 0.911667 0.413750 0.073333 0.147500
0 0.965833 0.516250 0.038333 0.197500
1 0.280000 0.332500 0.053333 0.075000
1 0.401667 0.600000 0.066667 0.065000
1 0.485000 0.685000 0.050000 0.070000
1 0.417500 0.737500 0.061667 0.080000
1 0.417500 0.671250 0.058333 0.077500