1 0.418267 0.660175 0.057233 0.067200
1 0.416208 0.739313 0.035550 0.049475
1 0.471683 0.693225 0.031633 0.048950
1 0.402342 0.602600 0.042183 0.048950
1 0.249308 0.779162 0.031050 0.034375
0 0.171667 0.163750 0.126667 0.147500
0 0.118333 0.148750 0.090000 0.102500
0 0.030000 0.195000 0.056667 0.150000
0 0.500000 0.236250 0.076667 0.187500
0 0.356667 0.657500 0.073333 0.165000
0 0.151667 0.730000 0.100000 0.145000
0 0.142500 0.502500 0.055000 0.225000
0 0.065833 0.460000 0.085000 0.180000
0 0.081667 0.211250 0.080000 0.167500
0 0.350000 0.051250 0.076667 0.097500
1 0.941667 0.463750 0.053333 0.087500