1 0.947667 0.379562 0.039067 0.065375
1 0.417967 0.739062 0.035933 0.045825
1 0.866008 0.788538 0.035150 0.060425
1 0.063225 0.764075 0.024117 0.050000
1 0.406067 0.599988 0.043367 0.045825
1 0.472067 0.691400 0.031633 0.047400
1 0.419733 0.670325 0.059767 0.082300
1 0.642583 0.873975 0.035933 0.051050
0 0.266667 0.360000 0.143333 0.140000
0 0.445833 0.220000 0.165000 0.185000
0 0.771667 0.440000 0.136667 0.140000
0 0.155833 0.377500 0.075000 0.175000
0 0.355833 0.627500 0.078333 0.095000
0 0.286667 0.631250 0.070000 0.127500
0 0.278333 0.532500 0.133333 0.090000
0 0.412500 0.800000 0.101667 0.060000
0 0.270833 0.793750 0.058333 0.197500
0 0.411667 0.883750 0.113333 0.152500
0 0.889167 0.720000 0.091667 0.070000