0 0.250833 0.075000 0.115000 0.095000
0 0.177500 0.036250 0.058333 0.052500
0 0.119167 0.260000 0.141667 0.130000
0 0.059167 0.607500 0.071667 0.180000
0 0.127500 0.677500 0.051667 0.065000
0 0.235000 0.748750 0.080000 0.167500
0 0.364167 0.627500 0.065000 0.095000
0 0.318333 0.628750 0.050000 0.137500
0 0.604167 0.305000 0.145000 0.120000
0 0.770833 0.583750 0.098333 0.082500
0 0.918333 0.686250 0.160000 0.057500
0 0.894167 0.800000 0.148333 0.120000
0 0.241667 0.645000 0.103333 0.050000
0 0.184167 0.480000 0.125000 0.075000
1 0.746667 0.246250 0.050000 0.102500
1 0.890000 0.123750 0.050000 0.067500
1 0.409167 0.595000 0.055000 0.070000
1 0.475000 0.688750 0.050000 0.087500
1 0.416667 0.740000 0.050000 0.080000
1 0.417500 0.662500 0.051667 0.075000
1 0.730000 0.662500 0.050000 0.085000
3 0.846667 0.527500 0.033333 0.060000
1 0.071667 0.413750 0.033333 0.067500