1 0.894542 0.348700 0.045317 0.069800
1 0.416992 0.738537 0.033983 0.046875
1 0.402450 0.601550 0.047467 0.048950
1 0.835550 0.761200 0.033600 0.058850
1 0.018133 0.736463 0.024100 0.045825
1 0.472650 0.691662 0.032033 0.046875
1 0.421100 0.666675 0.062500 0.081250
0 0.223333 0.321250 0.123333 0.097500
0 0.398333 0.185000 0.116667 0.095000
0 0.721667 0.415000 0.113333 0.150000
0 0.356667 0.617500 0.066667 0.075000
0 0.250000 0.510000 0.150000 0.065000
0 0.225000 0.717500 0.096667 0.100000
0 0.341667 0.867500 0.063333 0.150000
0 0.366667 0.773750 0.096667 0.087500