0 0.844167 0.411250 0.071667 0.257500
0 0.773333 0.117500 0.123333 0.150000
0 0.511667 0.345000 0.193333 0.070000
0 0.559167 0.425000 0.141667 0.110000
0 0.566667 0.456250 0.056667 0.092500
0 0.376667 0.038750 0.143333 0.077500
0 0.175833 0.076250 0.141667 0.102500
0 0.032500 0.228750 0.061667 0.137500
0 0.099167 0.288750 0.105000 0.062500
0 0.195833 0.360000 0.135000 0.050000
0 0.115000 0.385000 0.040000 0.070000
0 0.082500 0.385000 0.131667 0.095000
0 0.445833 0.566250 0.088333 0.052500
0 0.421667 0.642500 0.080000 0.055000
0 0.529167 0.715000 0.081667 0.115000
0 0.646667 0.870000 0.130000 0.100000
0 0.426667 0.946250 0.200000 0.087500
0 0.911667 0.912500 0.093333 0.165000
1 0.506667 0.641250 0.090000 0.122500
1 0.280000 0.125000 0.066667 0.075000
4 0.333333 0.557500 0.103333 0.125000
1 0.509167 0.482500 0.041667 0.050000
1 0.550833 0.970000 0.061667 0.055000