0 0.300000 0.057500 0.066667 0.115000
0 0.362500 0.252500 0.095000 0.290000
0 0.351667 0.098750 0.100000 0.077500
0 0.231667 0.106250 0.103333 0.107500
0 0.860000 0.162500 0.180000 0.045000
0 0.915000 0.210000 0.120000 0.055000
0 0.847500 0.788750 0.038333 0.182500
0 0.844167 0.763750 0.121667 0.132500
0 0.950000 0.878750 0.076667 0.042500
0 0.610000 0.906250 0.066667 0.122500
0 0.386667 0.890000 0.080000 0.105000
0 0.069167 0.843750 0.098333 0.112500
1 0.890833 0.256250 0.065000 0.072500
0 0.690000 0.618750 0.063333 0.082500