4 0.758592 0.408475 0.182817 0.243500
0 0.510000 0.446250 0.126667 0.102500
0 0.501667 0.353750 0.106667 0.077500
0 0.444167 0.218750 0.061667 0.217500
0 0.452500 0.106250 0.098333 0.087500
0 0.882500 0.253750 0.131667 0.147500
1 0.938333 0.187500 0.040000 0.070000
1 0.969167 0.115000 0.055000 0.090000
0 0.363333 0.060000 0.080000 0.095000
0 0.320833 0.543750 0.085000 0.267500
0 0.130000 0.465000 0.143333 0.170000
0 0.163333 0.816250 0.076667 0.242500
0 0.456667 0.886250 0.116667 0.212500
0 0.843333 0.572500 0.156667 0.105000
0 0.917500 0.716250 0.071667 0.087500
1 0.975000 0.733750 0.040000 0.117500