1 0.417292 0.664587 0.057617 0.072925
1 0.414075 0.738300 0.034383 0.048450
1 0.412300 0.594800 0.047267 0.043750
1 0.471875 0.693237 0.032817 0.047925
0 0.040000 0.211250 0.063333 0.137500
0 0.446667 0.197500 0.050000 0.150000
0 0.356667 0.615000 0.073333 0.110000
0 0.192500 0.735000 0.138333 0.125000
0 0.079167 0.601250 0.071667 0.177500
0 0.055000 0.436250 0.090000 0.147500
0 0.130833 0.137500 0.125000 0.140000
0 0.090000 0.148750 0.106667 0.117500
0 0.316667 0.070000 0.063333 0.130000
1 0.901667 0.446250 0.053333 0.067500