1 0.471883 0.691425 0.032033 0.048450
1 0.372067 0.778387 0.033200 0.045325
1 0.402842 0.602612 0.048250 0.047925
1 0.647067 0.593237 0.033200 0.059375
1 0.418158 0.738275 0.033983 0.046350
1 0.418650 0.663288 0.058000 0.069275
1 0.642575 0.181500 0.042183 0.069000
0 0.139167 0.468750 0.125000 0.057500
0 0.506667 0.248750 0.133333 0.112500
0 0.885000 0.257500 0.113333 0.065000
0 0.939167 0.618750 0.118333 0.152500
0 0.850833 0.641250 0.145000 0.037500
0 0.780000 0.731250 0.156667 0.117500
0 0.686667 0.517500 0.103333 0.110000
0 0.368333 0.642500 0.090000 0.110000
0 0.310833 0.637500 0.051667 0.170000
0 0.233333 0.546250 0.033333 0.127500
0 0.170000 0.591250 0.096667 0.062500
0 0.152500 0.713750 0.071667 0.162500
0 0.213333 0.920000 0.070000 0.090000
0 0.058333 0.216250 0.113333 0.167500