0 0.217500 0.103750 0.151667 0.127500
0 0.337500 0.112500 0.118333 0.095000
0 0.776667 0.102500 0.090000 0.200000
0 0.515833 0.140000 0.098333 0.120000
0 0.508333 0.390000 0.100000 0.100000
0 0.650833 0.490000 0.128333 0.095000
0 0.728333 0.496250 0.140000 0.177500
0 0.490000 0.513750 0.143333 0.102500
0 0.371667 0.465000 0.046667 0.090000
0 0.339167 0.637500 0.125000 0.105000
0 0.125000 0.501250 0.086667 0.137500
0 0.036667 0.398750 0.056667 0.052500
1 0.375000 0.377500 0.053333 0.090000
1 0.360833 0.022500 0.078333 0.045000
1 0.402500 0.587500 0.061667 0.070000
1 0.475000 0.692500 0.040000 0.085000
1 0.416667 0.741250 0.046667 0.077500
1 0.417500 0.667500 0.071667 0.070000