0 0.323333 0.393750 0.150000 0.132500
0 0.495833 0.211250 0.205000 0.187500
0 0.821667 0.473750 0.173333 0.142500
0 0.295000 0.538750 0.120000 0.082500
0 0.061667 0.348750 0.120000 0.107500
0 0.199167 0.381250 0.071667 0.137500
0 0.167500 0.378750 0.051667 0.152500
0 0.137500 0.350000 0.061667 0.160000
0 0.070833 0.662500 0.095000 0.125000
0 0.305833 0.806250 0.071667 0.147500
0 0.300000 0.621250 0.043333 0.072500
0 0.352500 0.626250 0.058333 0.077500
0 0.925833 0.775000 0.068333 0.090000
1 0.895000 0.826250 0.066667 0.072500
1 0.488333 0.693750 0.043333 0.072500
1 0.414167 0.748750 0.041667 0.082500
1 0.411667 0.591250 0.063333 0.062500
1 0.415833 0.668750 0.071667 0.077500
0 0.443333 0.887500 0.096667 0.110000