0 0.346667 0.133750 0.183333 0.147500
0 0.304167 0.112500 0.051667 0.075000
0 0.700000 0.380000 0.140000 0.120000
0 0.976667 0.061250 0.026667 0.122500
0 0.216667 0.320000 0.173333 0.165000
0 0.358333 0.638750 0.063333 0.107500
0 0.311667 0.626250 0.043333 0.127500
0 0.224167 0.496250 0.128333 0.072500
0 0.093333 0.331250 0.056667 0.182500
1 0.168333 0.663750 0.080000 0.132500
1 0.287500 0.793750 0.055000 0.112500
1 0.845000 0.315000 0.060000 0.090000
1 0.804167 0.722500 0.061667 0.080000
1 0.976667 0.166250 0.043333 0.087500
1 0.474167 0.688750 0.051667 0.082500
1 0.415833 0.740000 0.048333 0.070000
1 0.403333 0.593750 0.056667 0.062500