1 0.096667 0.071250 0.063333 0.077500
0 0.272500 0.256250 0.188333 0.082500
0 0.317500 0.313750 0.155000 0.087500
0 0.342500 0.360000 0.081667 0.120000
0 0.667500 0.336250 0.065000 0.247500
0 0.555833 0.061250 0.051667 0.122500
0 0.674167 0.587500 0.158333 0.135000
0 0.710000 0.851250 0.100000 0.152500
0 0.465000 0.838750 0.153333 0.102500
0 0.232500 0.851250 0.151667 0.067500
0 0.415833 0.706250 0.155000 0.042500
0 0.403333 0.627500 0.083333 0.080000
0 0.453333 0.557500 0.103333 0.065000
4 0.330833 0.542500 0.121667 0.145000
1 0.052500 0.871250 0.045000 0.062500
1 0.379167 0.918750 0.045000 0.062500
1 0.504167 0.640000 0.105000 0.100000