4 0.759767 0.411975 0.183600 0.250000
0 0.443333 0.138750 0.146667 0.162500
0 0.595000 0.066250 0.150000 0.092500
0 0.946667 0.075000 0.053333 0.115000
0 0.903333 0.295000 0.080000 0.110000
0 0.975833 0.318750 0.045000 0.122500
0 0.870000 0.692500 0.053333 0.135000
0 0.817500 0.706250 0.061667 0.147500
0 0.458333 0.501250 0.103333 0.162500
0 0.620833 0.242500 0.058333 0.165000
0 0.660000 0.601250 0.076667 0.092500
0 0.360833 0.580000 0.081667 0.230000
0 0.198333 0.736250 0.130000 0.127500
0 0.140833 0.892500 0.068333 0.165000
1 0.460833 0.372500 0.038333 0.060000
1 0.023333 0.897500 0.043333 0.075000