0 0.064167 0.052500 0.125000 0.045000
1 0.146667 0.085000 0.056667 0.070000
0 0.338333 0.283750 0.213333 0.082500
0 0.394167 0.348750 0.155000 0.112500
0 0.620000 0.068750 0.110000 0.137500
0 0.719167 0.368750 0.065000 0.242500
0 0.864167 0.637500 0.168333 0.120000
0 0.785000 0.891250 0.123333 0.167500
0 0.515000 0.846250 0.120000 0.087500
0 0.296667 0.878750 0.183333 0.097500
0 0.455833 0.565000 0.081667 0.070000
0 0.425000 0.638750 0.073333 0.072500
0 0.441667 0.722500 0.146667 0.060000
1 0.099167 0.908750 0.048333 0.077500
1 0.437500 0.940000 0.048333 0.060000
1 0.508333 0.640000 0.103333 0.120000
4 0.328333 0.553750 0.106667 0.117500
1 0.377500 0.418750 0.038333 0.042500
0 0.045000 0.355000 0.060000 0.055000