1 0.417183 0.664062 0.057033 0.070825
1 0.409183 0.598187 0.043367 0.045325
1 0.471675 0.692700 0.032417 0.048950
1 0.417000 0.738300 0.036333 0.048450
0 0.146667 0.243750 0.120000 0.147500
0 0.274167 0.236250 0.135000 0.162500
0 0.278333 0.210000 0.093333 0.220000
0 0.700000 0.186250 0.116667 0.127500
0 0.360000 0.626250 0.073333 0.112500
0 0.055833 0.747500 0.098333 0.105000
0 0.117500 0.487500 0.078333 0.155000
0 0.295000 0.448750 0.106667 0.132500
0 0.158333 0.051250 0.063333 0.102500
0 0.428333 0.035000 0.083333 0.070000