4 0.461725 0.560425 0.092183 0.125000
0 0.696667 0.146250 0.110000 0.252500
0 0.894167 0.205000 0.198333 0.110000
0 0.909167 0.200000 0.118333 0.175000
0 0.357500 0.368750 0.075000 0.197500
0 0.291667 0.136250 0.113333 0.187500
0 0.054167 0.398750 0.105000 0.167500
0 0.121667 0.400000 0.066667 0.140000
0 0.019167 0.555000 0.038333 0.110000
0 0.429167 0.787500 0.151667 0.175000
0 0.358333 0.817500 0.126667 0.125000
0 0.228333 0.800000 0.136667 0.140000
0 0.297500 0.805000 0.105000 0.070000
0 0.623333 0.732500 0.183333 0.175000
0 0.612500 0.870000 0.145000 0.225000
0 0.797500 0.732500 0.111667 0.195000
0 0.799167 0.661250 0.205000 0.062500