0 0.907425 0.228288 0.086717 0.238225
0 0.435550 0.851038 0.075000 0.110425
0 0.860158 0.598050 0.129683 0.173700
0 0.531250 0.391788 0.053900 0.057025
0 0.784175 0.796100 0.075383 0.134900
0 0.054200 0.691413 0.104500 0.163025
0 0.085942 0.690363 0.125383 0.114075
0 0.223050 0.014375 0.116400 0.032100
0 0.292475 0.925000 0.028317 0.061450
0 0.077233 0.927875 0.153733 0.128650
0 0.168750 0.659363 0.078133 0.220825
0 0.270317 0.532300 0.056633 0.144800
0 0.976958 0.392062 0.035150 0.146625
0 0.544333 0.903400 0.095700 0.048450
0 0.609758 0.971087 0.031250 0.043225
0 0.456058 0.883850 0.112117 0.175000
0 0.429500 0.350637 0.068367 0.175775
0 0.500833 0.927500 0.095000 0.055000
0 0.693333 0.143750 0.080000 0.252500