0 0.220000 0.050000 0.090000 0.080000
0 0.158333 0.063750 0.080000 0.067500
0 0.153333 0.043750 0.073333 0.052500
0 0.300833 0.081250 0.031667 0.122500
0 0.409167 0.073750 0.071667 0.142500
0 0.492500 0.050000 0.055000 0.100000
0 0.595000 0.102500 0.046667 0.195000
0 0.663333 0.101250 0.086667 0.137500
0 0.703333 0.040000 0.056667 0.080000
0 0.837500 0.050000 0.055000 0.100000
0 0.891667 0.177500 0.066667 0.115000
0 0.963333 0.132500 0.070000 0.105000
0 0.833333 0.305000 0.080000 0.145000
0 0.810833 0.268750 0.065000 0.162500
0 0.880833 0.295000 0.071667 0.110000
0 0.897500 0.227500 0.051667 0.080000
0 0.912500 0.482500 0.091667 0.095000
0 0.965000 0.518750 0.060000 0.162500
0 0.863333 0.688750 0.076667 0.142500
0 0.856667 0.745000 0.073333 0.165000
0 0.770000 0.675000 0.080000 0.170000
0 0.820833 0.495000 0.051667 0.155000
0 0.683333 0.477500 0.106667 0.075000
0 0.685000 0.355000 0.050000 0.155000
0 0.712500 0.421250 0.068333 0.102500
0 0.760833 0.315000 0.048333 0.105000
0 0.629167 0.230000 0.038333 0.120000
0 0.491667 0.195000 0.133333 0.150000
0 0.505000 0.160000 0.066667 0.105000
0 0.427500 0.266250 0.108333 0.072500
0 0.502500 0.288750 0.091667 0.112500
0 0.565833 0.370000 0.081667 0.200000
0 0.334167 0.263750 0.115000 0.167500
0 0.210000 0.230000 0.126667 0.090000
0 0.045000 0.142500 0.083333 0.095000
0 0.076667 0.236250 0.076667 0.147500
0 0.057500 0.342500 0.075000 0.115000
0 0.145000 0.312500 0.063333 0.115000
0 0.095000 0.420000 0.136667 0.070000
0 0.190833 0.415000 0.048333 0.150000
0 0.166667 0.478750 0.063333 0.097500
0 0.051667 0.477500 0.103333 0.090000
0 0.054167 0.615000 0.091667 0.170000
0 0.331667 0.553750 0.103333 0.152500
0 0.390833 0.478750 0.078333 0.117500
0 0.278333 0.338750 0.153333 0.102500
0 0.436667 0.487500 0.066667 0.145000
0 0.465833 0.471250 0.085000 0.092500
0 0.590000 0.597500 0.080000 0.155000
0 0.575000 0.687500 0.103333 0.155000
0 0.650000 0.693750 0.086667 0.112500
0 0.459167 0.716250 0.078333 0.112500
0 0.428333 0.765000 0.100000 0.120000
0 0.318333 0.836250 0.083333 0.202500
0 0.067500 0.857500 0.118333 0.125000
0 0.210000 0.855000 0.136667 0.185000
0 0.385000 0.876250 0.046667 0.132500
0 0.499167 0.872500 0.048333 0.170000
0 0.567500 0.852500 0.065000 0.165000
0 0.672500 0.810000 0.078333 0.130000
0 0.793333 0.895000 0.063333 0.170000