0 0.962108 0.260475 0.063283 0.167050
0 0.848442 0.741675 0.192183 0.037500
0 0.796483 0.442463 0.019533 0.231775
0 0.324900 0.311725 0.032233 0.208850
0 0.311825 0.682050 0.164650 0.104700
0 0.633208 0.469525 0.109383 0.122400
0 0.843758 0.669025 0.018750 0.142200
0 0.220217 0.815887 0.166600 0.089075
0 0.822658 0.609363 0.118750 0.170825
0 0.015308 0.712762 0.013950 0.176575
0 0.574617 0.907825 0.071100 0.168750
0 0.710358 0.488400 0.051950 0.125250
0 0.333333 0.391250 0.090000 0.197500
0 0.138333 0.598750 0.146667 0.102500