0 0.063333 0.410000 0.066667 0.260000
0 0.220000 0.390000 0.120000 0.135000
0 0.123333 0.110000 0.196667 0.220000
0 0.029167 0.040000 0.055000 0.080000
0 0.608333 0.140000 0.070000 0.255000
0 0.894167 0.365000 0.078333 0.225000
0 0.449167 0.115000 0.108333 0.130000
0 0.525833 0.580000 0.118333 0.140000
0 0.539167 0.642500 0.115000 0.090000
0 0.671667 0.690000 0.103333 0.240000
0 0.381667 0.822500 0.183333 0.095000
0 0.260000 0.633750 0.076667 0.237500
0 0.256667 0.676250 0.163333 0.152500
0 0.180833 0.641250 0.071667 0.272500
0 0.165833 0.913750 0.108333 0.162500
0 0.817500 0.967500 0.195000 0.060000
0 0.426667 0.495000 0.073333 0.290000
0 0.624167 0.752500 0.108333 0.095000
1 0.630000 0.740000 0.066667 0.070000
5 0.329167 0.260000 0.075000 0.120000
1 0.841667 0.403750 0.050000 0.067500