0 0.123333 0.183750 0.040000 0.192500
0 0.033333 0.205000 0.063333 0.130000
0 0.030833 0.315000 0.058333 0.075000
0 0.130000 0.352500 0.120000 0.165000
0 0.375833 0.108750 0.051667 0.217500
0 0.533333 0.147500 0.123333 0.225000
0 0.629167 0.117500 0.148333 0.235000
0 0.595833 0.357500 0.055000 0.255000
0 0.889167 0.642500 0.108333 0.220000
1 0.833333 0.686250 0.066667 0.072500
0 0.668333 0.896250 0.093333 0.192500
0 0.631667 0.893750 0.113333 0.092500
1 0.620000 0.940000 0.056667 0.070000
0 0.506667 0.860000 0.110000 0.140000
0 0.520000 0.868750 0.130000 0.042500
0 0.404167 0.748750 0.085000 0.277500
0 0.453333 0.963750 0.090000 0.067500
0 0.176667 0.902500 0.070000 0.185000
0 0.222500 0.652500 0.091667 0.125000
0 0.030000 0.593750 0.056667 0.097500
0 0.442500 0.305000 0.115000 0.130000
1 0.038333 0.203750 0.046667 0.052500
5 0.325833 0.255000 0.085000 0.105000