0 0.160000 0.068750 0.083333 0.102500
0 0.102500 0.251250 0.035000 0.232500
0 0.113333 0.421250 0.123333 0.202500
0 0.025000 0.365000 0.046667 0.055000
1 0.023333 0.300000 0.043333 0.075000
0 0.040833 0.661250 0.078333 0.107500
0 0.210000 0.702500 0.100000 0.085000
0 0.155833 0.916250 0.088333 0.152500
0 0.389167 0.816250 0.078333 0.272500
0 0.497500 0.920000 0.121667 0.060000
0 0.508333 0.905000 0.086667 0.120000
0 0.609167 0.913750 0.091667 0.107500
0 0.673333 0.910000 0.096667 0.145000
1 0.608333 0.965000 0.066667 0.065000
1 0.821667 0.745000 0.043333 0.070000
0 0.880000 0.693750 0.090000 0.242500
0 0.588333 0.438750 0.093333 0.237500
0 0.622500 0.163750 0.131667 0.227500
0 0.520000 0.173750 0.116667 0.172500
0 0.381667 0.163750 0.053333 0.207500
0 0.427500 0.376250 0.095000 0.107500
5 0.319167 0.267500 0.085000 0.110000