0 0.223333 0.207500 0.096667 0.275000
0 0.230000 0.127500 0.050000 0.065000
0 0.307500 0.050000 0.051667 0.100000
0 0.300000 0.242500 0.093333 0.125000
0 0.435000 0.341250 0.050000 0.157500
0 0.150833 0.648750 0.058333 0.177500
0 0.455833 0.673750 0.091667 0.067500
0 0.527500 0.735000 0.108333 0.155000
0 0.578333 0.827500 0.063333 0.055000
1 0.623333 0.811250 0.043333 0.057500
0 0.769167 0.616250 0.108333 0.252500
0 0.733333 0.536250 0.096667 0.102500
0 0.887500 0.462500 0.048333 0.070000
0 0.731667 0.925000 0.113333 0.130000
0 0.260000 0.397500 0.070000 0.160000
1 0.954167 0.386250 0.065000 0.097500