0 0.139167 0.195000 0.045000 0.070000
0 0.151667 0.433750 0.046667 0.267500
0 0.256667 0.596250 0.103333 0.072500
0 0.308333 0.502500 0.123333 0.100000
0 0.609167 0.508750 0.038333 0.157500
0 0.515833 0.251250 0.041667 0.097500
0 0.659167 0.132500 0.178333 0.140000
0 0.539167 0.192500 0.098333 0.235000
0 0.637500 0.406250 0.048333 0.112500
0 0.735000 0.565000 0.160000 0.140000
0 0.947500 0.606250 0.078333 0.272500
0 0.141667 0.898750 0.053333 0.182500
3 0.800833 0.503750 0.038333 0.067500
3 0.725000 0.335000 0.046667 0.070000