0 0.450833 0.381250 0.091667 0.182500
0 0.738333 0.542500 0.113333 0.135000
0 0.778333 0.633750 0.090000 0.202500
0 0.972500 0.465000 0.051667 0.240000
0 0.535833 0.750000 0.111667 0.165000
0 0.598333 0.862500 0.100000 0.095000
0 0.465000 0.767500 0.153333 0.285000
0 0.268333 0.660000 0.123333 0.100000
0 0.161667 0.678750 0.046667 0.217500
0 0.243333 0.411250 0.090000 0.167500
0 0.219167 0.260000 0.098333 0.240000
0 0.234167 0.141250 0.051667 0.082500
0 0.299167 0.260000 0.088333 0.135000
0 0.296667 0.068750 0.036667 0.137500
0 0.225000 0.031250 0.103333 0.052500
0 0.875833 0.472500 0.061667 0.080000
1 0.953333 0.416250 0.070000 0.122500
1 0.631667 0.847500 0.070000 0.085000