0 0.125833 0.230000 0.055000 0.060000
0 0.159167 0.453750 0.081667 0.252500
0 0.208333 0.632500 0.083333 0.115000
0 0.259167 0.627500 0.141667 0.115000
0 0.335000 0.507500 0.106667 0.180000
0 0.621667 0.408750 0.066667 0.137500
0 0.525833 0.238750 0.018333 0.082500
0 0.655833 0.155000 0.188333 0.130000
0 0.483333 0.071250 0.096667 0.137500
0 0.480833 0.101250 0.051667 0.107500
0 0.606667 0.517500 0.050000 0.150000
0 0.716667 0.570000 0.146667 0.145000
3 0.802500 0.525000 0.031667 0.045000
3 0.725833 0.340000 0.035000 0.040000
0 0.135833 0.910000 0.068333 0.175000
0 0.953333 0.642500 0.083333 0.235000