0 0.126667 0.238750 0.050000 0.077500
0 0.145000 0.472500 0.050000 0.270000
0 0.241667 0.621250 0.146667 0.097500
0 0.315000 0.471250 0.060000 0.137500
0 0.642500 0.423750 0.068333 0.132500
0 0.721667 0.582500 0.163333 0.125000
0 0.525000 0.203750 0.086667 0.212500
0 0.660833 0.141250 0.161667 0.112500
0 0.474167 0.058750 0.111667 0.102500
0 0.470833 0.093750 0.055000 0.132500
0 0.925833 0.307500 0.051667 0.055000
0 0.955833 0.643750 0.058333 0.212500
0 0.846667 0.753750 0.063333 0.102500
0 0.134167 0.908750 0.055000 0.172500