0 0.031667 0.080000 0.063333 0.060000
0 0.141667 0.133750 0.116667 0.167500
0 0.052500 0.352500 0.061667 0.185000
0 0.169167 0.697500 0.095000 0.235000
0 0.268333 0.693750 0.086667 0.207500
0 0.320000 0.786250 0.103333 0.052500
0 0.388333 0.851250 0.173333 0.037500
0 0.530000 0.682500 0.130000 0.090000
0 0.415000 0.536250 0.090000 0.272500
0 0.244167 0.438750 0.095000 0.127500
0 0.590000 0.211250 0.090000 0.247500
0 0.895833 0.415000 0.098333 0.235000
0 0.673333 0.728750 0.073333 0.197500
0 0.628333 0.778750 0.106667 0.122500
1 0.845833 0.460000 0.045000 0.060000
1 0.327500 0.245000 0.108333 0.135000