0 0.224167 0.205000 0.088333 0.230000
0 0.225000 0.106250 0.060000 0.057500
0 0.300833 0.216250 0.085000 0.097500
0 0.265000 0.360000 0.100000 0.170000
0 0.152500 0.638750 0.055000 0.162500
0 0.445000 0.655000 0.086667 0.070000
0 0.535000 0.717500 0.106667 0.155000
1 0.244167 0.582500 0.055000 0.065000
0 0.730000 0.502500 0.100000 0.125000
0 0.750000 0.613750 0.096667 0.207500
0 0.744167 0.893750 0.088333 0.092500
0 0.885000 0.431250 0.043333 0.092500
1 0.958333 0.357500 0.073333 0.100000
0 0.428333 0.307500 0.053333 0.145000