0 0.120000 0.105000 0.070000 0.110000
0 0.115000 0.242500 0.033333 0.135000
0 0.098333 0.183750 0.040000 0.062500
1 0.040000 0.425000 0.060000 0.085000
0 0.262500 0.645000 0.128333 0.130000
0 0.336667 0.618750 0.073333 0.177500
3 0.393333 0.665000 0.050000 0.050000
0 0.051667 0.777500 0.086667 0.220000
0 0.047500 0.921250 0.091667 0.117500
0 0.630000 0.841250 0.113333 0.097500
0 0.839167 0.913750 0.071667 0.162500
3 0.712500 0.913750 0.031667 0.047500
0 0.550833 0.310000 0.141667 0.145000
0 0.795833 0.115000 0.108333 0.190000
0 0.675000 0.055000 0.136667 0.085000
1 0.088333 0.322500 0.040000 0.075000
1 0.702500 0.201250 0.038333 0.072500
0 0.470000 0.072500 0.146667 0.140000