0 0.108333 0.045000 0.040000 0.060000
0 0.133333 0.107500 0.056667 0.135000
1 0.059167 0.291250 0.061667 0.082500
0 0.265833 0.515000 0.088333 0.110000
0 0.344167 0.536250 0.088333 0.152500
0 0.047500 0.620000 0.085000 0.150000
0 0.157500 0.705000 0.038333 0.050000
0 0.072500 0.890000 0.061667 0.150000
0 0.052500 0.768750 0.095000 0.122500
0 0.455000 0.803750 0.103333 0.212500
0 0.659167 0.663750 0.135000 0.152500
0 0.848333 0.858750 0.076667 0.217500
0 0.560000 0.205000 0.133333 0.250000
0 0.538333 0.155000 0.126667 0.070000
3 0.727500 0.792500 0.041667 0.045000
3 0.283333 0.931250 0.053333 0.057500
1 0.110000 0.187500 0.050000 0.075000
1 0.720000 0.096250 0.050000 0.067500