0 0.146667 0.190000 0.050000 0.060000
0 0.161667 0.413750 0.080000 0.287500
0 0.251667 0.587500 0.090000 0.065000
0 0.225833 0.605000 0.075000 0.075000
0 0.307500 0.503750 0.118333 0.137500
0 0.355000 0.417500 0.110000 0.125000
0 0.526667 0.195000 0.053333 0.170000
0 0.527500 0.150000 0.045000 0.135000
0 0.671667 0.131250 0.180000 0.117500
0 0.650000 0.391250 0.080000 0.157500
0 0.625000 0.483750 0.043333 0.132500
0 0.745833 0.552500 0.165000 0.185000
3 0.807500 0.493750 0.025000 0.062500
0 0.963333 0.608750 0.070000 0.257500
0 0.927500 0.300000 0.088333 0.115000
0 0.853333 0.728750 0.076667 0.137500
0 0.150833 0.885000 0.068333 0.225000
3 0.730000 0.328750 0.040000 0.052500