0 0.100000 0.146250 0.063333 0.112500
0 0.170000 0.121250 0.070000 0.162500
0 0.466667 0.108750 0.143333 0.217500
0 0.675833 0.087500 0.131667 0.105000
0 0.945833 0.052500 0.105000 0.085000
0 0.548333 0.342500 0.143333 0.140000
0 0.105000 0.303750 0.046667 0.152500
0 0.088333 0.245000 0.040000 0.075000
1 0.030833 0.478750 0.058333 0.082500
0 0.245000 0.707500 0.156667 0.080000
0 0.334167 0.650000 0.068333 0.115000
0 0.054167 0.836250 0.085000 0.182500
0 0.620833 0.868750 0.168333 0.137500
0 0.823333 0.946250 0.066667 0.102500
1 0.076667 0.377500 0.063333 0.075000
1 0.693333 0.256250 0.053333 0.072500