0 0.142500 0.142500 0.061667 0.085000
0 0.175000 0.378750 0.080000 0.252500
0 0.356667 0.367500 0.103333 0.135000
0 0.535000 0.172500 0.066667 0.150000
0 0.494167 0.057500 0.045000 0.105000
0 0.541667 0.117500 0.060000 0.150000
0 0.685000 0.121250 0.180000 0.132500
0 0.921667 0.296250 0.070000 0.077500
0 0.634167 0.396250 0.068333 0.152500
0 0.756667 0.535000 0.190000 0.135000
0 0.966667 0.580000 0.046667 0.200000
0 0.861667 0.697500 0.080000 0.130000
0 0.531667 0.913750 0.100000 0.167500
0 0.281667 0.648750 0.080000 0.222500
0 0.171667 0.861250 0.073333 0.192500
0 0.107500 0.806250 0.098333 0.062500