0 0.131667 0.145000 0.040000 0.190000
0 0.114167 0.072500 0.028333 0.065000
1 0.058333 0.306250 0.046667 0.092500
0 0.548333 0.226250 0.150000 0.277500
0 0.356667 0.560000 0.103333 0.140000
0 0.291667 0.561250 0.130000 0.157500
0 0.064167 0.653750 0.115000 0.162500
0 0.068333 0.797500 0.130000 0.125000
0 0.063333 0.912500 0.063333 0.125000
0 0.455833 0.816250 0.115000 0.227500
0 0.643333 0.687500 0.146667 0.155000
0 0.852500 0.886250 0.051667 0.222500
3 0.723333 0.812500 0.040000 0.060000
3 0.285000 0.957500 0.050000 0.055000
1 0.106667 0.210000 0.070000 0.070000
1 0.715000 0.110000 0.073333 0.065000