0 0.117500 0.055000 0.078333 0.090000
0 0.118333 0.200000 0.060000 0.160000
1 0.040833 0.382500 0.051667 0.075000
0 0.341667 0.596250 0.066667 0.122500
0 0.255000 0.596250 0.110000 0.082500
0 0.547500 0.278750 0.108333 0.192500
0 0.685833 0.070000 0.125000 0.140000
0 0.665000 0.023750 0.060000 0.047500
0 0.473333 0.060000 0.130000 0.120000
0 0.848333 0.911250 0.060000 0.167500
0 0.650000 0.767500 0.136667 0.135000
0 0.442500 0.872500 0.115000 0.210000
0 0.062500 0.933750 0.055000 0.127500
0 0.075000 0.732500 0.040000 0.150000
1 0.086667 0.281250 0.056667 0.077500
1 0.700000 0.167500 0.053333 0.080000