5 0.330833 0.251250 0.081667 0.122500
0 0.140833 0.141250 0.108333 0.172500
0 0.027500 0.102500 0.051667 0.095000
0 0.055000 0.350000 0.050000 0.220000
0 0.230000 0.435000 0.100000 0.105000
0 0.180833 0.696250 0.081667 0.227500
0 0.265000 0.716250 0.076667 0.222500
0 0.275000 0.777500 0.133333 0.105000
0 0.375000 0.870000 0.186667 0.060000
0 0.675000 0.731250 0.076667 0.217500
0 0.620833 0.797500 0.105000 0.080000
1 0.627500 0.797500 0.045000 0.085000
0 0.550000 0.687500 0.096667 0.085000
0 0.510000 0.716250 0.116667 0.052500
0 0.418333 0.552500 0.093333 0.265000
0 0.598333 0.218750 0.076667 0.267500
0 0.881667 0.431250 0.093333 0.267500
0 0.447500 0.148750 0.108333 0.062500