0 0.133333 0.110000 0.030000 0.220000
0 0.050833 0.318750 0.055000 0.237500
0 0.028333 0.187500 0.053333 0.075000
0 0.407500 0.052500 0.065000 0.105000
0 0.526667 0.115000 0.126667 0.230000
0 0.600833 0.056250 0.118333 0.112500
0 0.600833 0.271250 0.121667 0.257500
0 0.898333 0.517500 0.106667 0.225000
0 0.235000 0.531250 0.096667 0.117500
0 0.412500 0.643750 0.081667 0.267500
0 0.510833 0.767500 0.125000 0.135000
0 0.678333 0.812500 0.096667 0.195000
0 0.627500 0.843750 0.101667 0.067500
1 0.630833 0.851250 0.051667 0.072500
0 0.162500 0.795000 0.091667 0.230000
0 0.247500 0.810000 0.088333 0.220000
0 0.255000 0.851250 0.163333 0.147500
0 0.389167 0.927500 0.198333 0.095000
0 0.106667 0.273750 0.146667 0.252500
1 0.037500 0.092500 0.055000 0.075000
5 0.329167 0.256250 0.091667 0.127500