0 0.151667 0.060000 0.060000 0.080000
0 0.158333 0.306250 0.100000 0.172500
0 0.367500 0.322500 0.121667 0.105000
0 0.069167 0.655000 0.131667 0.090000
0 0.182500 0.796250 0.078333 0.232500
0 0.092500 0.826250 0.058333 0.117500
0 0.535000 0.858750 0.103333 0.192500
0 0.385000 0.608750 0.180000 0.127500
0 0.639167 0.341250 0.091667 0.157500
0 0.754167 0.470000 0.188333 0.110000
0 0.971667 0.476250 0.053333 0.252500
0 0.710000 0.756250 0.063333 0.147500
0 0.541667 0.111250 0.066667 0.112500
0 0.625000 0.082500 0.060000 0.095000
0 0.919167 0.285000 0.045000 0.090000
3 0.817500 0.373750 0.031667 0.052500
3 0.731667 0.272500 0.023333 0.045000