0 0.125000 0.048750 0.166667 0.077500
0 0.205833 0.036250 0.155000 0.037500
0 0.303333 0.128750 0.030000 0.157500
0 0.317500 0.023750 0.025000 0.047500
0 0.353333 0.137500 0.036667 0.185000
0 0.273333 0.343750 0.130000 0.177500
0 0.226667 0.308750 0.096667 0.242500
0 0.227500 0.206250 0.051667 0.052500
0 0.256667 0.473750 0.066667 0.152500
0 0.441667 0.431250 0.086667 0.147500
0 0.938333 0.130000 0.076667 0.195000
0 0.887500 0.512500 0.055000 0.065000
0 0.975833 0.496250 0.038333 0.232500
1 0.954167 0.470000 0.068333 0.100000
0 0.736667 0.623750 0.090000 0.127500
0 0.765000 0.685000 0.086667 0.250000
0 0.540000 0.811250 0.110000 0.157500
0 0.597500 0.908750 0.098333 0.062500
0 0.472500 0.796250 0.138333 0.272500
0 0.303333 0.706250 0.153333 0.132500
0 0.156667 0.786250 0.070000 0.262500
0 0.214167 0.962500 0.058333 0.070000