0 0.098333 0.058750 0.113333 0.087500
0 0.230833 0.056250 0.141667 0.087500
0 0.321667 0.041250 0.046667 0.077500
0 0.365000 0.166250 0.053333 0.212500
0 0.297500 0.143750 0.041667 0.147500
0 0.729167 0.037500 0.178333 0.070000
0 0.934167 0.143750 0.071667 0.187500
0 0.303333 0.332500 0.096667 0.115000
0 0.224167 0.335000 0.091667 0.250000
0 0.231667 0.227500 0.053333 0.080000
0 0.251667 0.493750 0.063333 0.177500
0 0.445000 0.467500 0.093333 0.155000
0 0.165000 0.777500 0.040000 0.245000
0 0.299167 0.735000 0.158333 0.120000
0 0.480833 0.822500 0.128333 0.235000
0 0.533333 0.825000 0.093333 0.170000
0 0.599167 0.932500 0.095000 0.070000
0 0.727500 0.643750 0.095000 0.112500
0 0.767500 0.722500 0.081667 0.235000
0 0.885000 0.540000 0.066667 0.080000
0 0.548333 0.096250 0.083333 0.192500
0 0.973333 0.517500 0.050000 0.235000
1 0.960000 0.495000 0.070000 0.110000
1 0.619167 0.921250 0.061667 0.097500