0 0.117500 0.251250 0.055000 0.107500
0 0.205000 0.642500 0.166667 0.165000
0 0.330000 0.525000 0.060000 0.150000
0 0.635833 0.438750 0.095000 0.152500
0 0.709167 0.596250 0.161667 0.137500
0 0.946667 0.666250 0.060000 0.217500
0 0.838333 0.770000 0.086667 0.140000
0 0.918333 0.312500 0.073333 0.085000
3 0.725000 0.341250 0.033333 0.062500
3 0.795833 0.551250 0.041667 0.057500
0 0.658333 0.160000 0.166667 0.120000
0 0.750833 0.086250 0.125000 0.102500
0 0.524167 0.217500 0.085000 0.225000
0 0.510833 0.268750 0.051667 0.117500
0 0.472500 0.067500 0.115000 0.095000
0 0.465833 0.106250 0.058333 0.142500
0 0.129167 0.913750 0.105000 0.162500