0 0.115833 0.187500 0.038333 0.130000
0 0.093333 0.108750 0.026667 0.067500
0 0.123333 0.052500 0.076667 0.105000
0 0.551667 0.266250 0.116667 0.217500
0 0.658333 0.081250 0.083333 0.152500
0 0.890833 0.478750 0.108333 0.217500
0 0.840000 0.905000 0.080000 0.185000
0 0.635833 0.756250 0.145000 0.152500
0 0.350000 0.595000 0.106667 0.120000
0 0.255833 0.582500 0.131667 0.130000
0 0.054167 0.720000 0.105000 0.160000
0 0.041667 0.862500 0.080000 0.115000
0 0.442500 0.871250 0.085000 0.182500
1 0.042500 0.371250 0.045000 0.067500
0 0.461667 0.051250 0.153333 0.097500
1 0.091667 0.260000 0.050000 0.100000