0 0.270000 0.280000 0.146667 0.130000
0 0.271667 0.230000 0.140000 0.040000
0 0.343333 0.228750 0.030000 0.147500
0 0.359167 0.308750 0.101667 0.222500
0 0.489167 0.165000 0.155000 0.110000
0 0.545833 0.288750 0.065000 0.157500
0 0.605000 0.151250 0.050000 0.197500
0 0.746667 0.426250 0.183333 0.067500
0 0.945833 0.436250 0.068333 0.147500
0 0.969167 0.378750 0.058333 0.062500
0 0.241667 0.598750 0.093333 0.247500
0 0.242500 0.531250 0.028333 0.042500
3 0.055000 0.807500 0.040000 0.055000
0 0.280000 0.866250 0.056667 0.207500
0 0.271667 0.695000 0.123333 0.130000
0 0.319167 0.527500 0.051667 0.165000
0 0.902500 0.796250 0.065000 0.087500
0 0.450833 0.878750 0.058333 0.127500
0 0.485000 0.971250 0.073333 0.052500
1 0.970833 0.826250 0.055000 0.097500