0 0.203333 0.415000 0.113333 0.130000
0 0.151667 0.110000 0.046667 0.060000
0 0.531667 0.160000 0.046667 0.100000
0 0.550000 0.092500 0.053333 0.165000
0 0.668333 0.087500 0.156667 0.125000
0 0.639167 0.366250 0.075000 0.127500
0 0.743333 0.501250 0.173333 0.087500
0 0.973333 0.533750 0.043333 0.217500
0 0.625833 0.826250 0.105000 0.112500
0 0.539167 0.888750 0.065000 0.172500
0 0.319167 0.630000 0.108333 0.200000
0 0.336667 0.380000 0.070000 0.150000
0 0.050000 0.707500 0.093333 0.085000
0 0.164167 0.838750 0.058333 0.202500
0 0.085833 0.890000 0.071667 0.090000