0 0.299167 0.027500 0.038333 0.055000
0 0.161667 0.410000 0.060000 0.300000
0 0.269167 0.620000 0.111667 0.190000
0 0.271667 0.638750 0.073333 0.122500
0 0.627500 0.463750 0.041667 0.202500
0 0.745000 0.546250 0.166667 0.137500
0 0.535833 0.132500 0.048333 0.245000
0 0.541667 0.145000 0.073333 0.185000
0 0.663333 0.136250 0.153333 0.127500
3 0.732500 0.323750 0.031667 0.037500
3 0.812500 0.485000 0.048333 0.040000
0 0.965000 0.586250 0.060000 0.207500
0 0.859167 0.713750 0.061667 0.117500
0 0.137500 0.873750 0.075000 0.192500
0 0.170000 0.835000 0.050000 0.090000
0 0.105000 0.736250 0.036667 0.087500
0 0.287500 0.495000 0.121667 0.065000