0 0.145833 0.097500 0.048333 0.070000
0 0.210833 0.307500 0.078333 0.245000
0 0.173333 0.388750 0.113333 0.207500
0 0.334167 0.625000 0.118333 0.190000
0 0.648333 0.358750 0.056667 0.182500
0 0.760833 0.487500 0.168333 0.125000
0 0.542500 0.151250 0.051667 0.147500
0 0.552500 0.088750 0.075000 0.152500
0 0.674167 0.078750 0.145000 0.137500
0 0.965833 0.533750 0.055000 0.212500
0 0.673333 0.852500 0.156667 0.175000
0 0.523333 0.876250 0.090000 0.177500
0 0.089167 0.880000 0.061667 0.100000
0 0.170833 0.828750 0.085000 0.237500
3 0.730000 0.296250 0.030000 0.057500
3 0.820000 0.417500 0.036667 0.045000