0 0.048333 0.082500 0.093333 0.090000
0 0.141667 0.033750 0.040000 0.067500
0 0.351667 0.051250 0.073333 0.102500
0 0.343333 0.425000 0.096667 0.250000
0 0.409167 0.380000 0.125000 0.110000
0 0.605833 0.108750 0.055000 0.072500
0 0.698333 0.322500 0.106667 0.125000
0 0.825833 0.118750 0.055000 0.237500
0 0.908333 0.347500 0.070000 0.205000
0 0.940833 0.456250 0.108333 0.132500
0 0.979167 0.357500 0.038333 0.075000
0 0.917500 0.693750 0.061667 0.227500
0 0.805000 0.775000 0.156667 0.060000
0 0.424167 0.836250 0.138333 0.167500
0 0.143333 0.681250 0.120000 0.102500
0 0.980833 0.811250 0.035000 0.062500
0 0.041667 0.671250 0.080000 0.212500
5 0.744167 0.623750 0.048333 0.057500