0 0.046667 0.113750 0.090000 0.132500
0 0.130833 0.127500 0.051667 0.135000
0 0.322500 0.201250 0.111667 0.157500
0 0.392500 0.262500 0.058333 0.255000
0 0.542500 0.128750 0.138333 0.182500
0 0.783333 0.065000 0.070000 0.130000
0 0.858333 0.123750 0.100000 0.112500
0 0.489167 0.513750 0.101667 0.157500
0 0.354167 0.461250 0.088333 0.102500
0 0.523333 0.707500 0.090000 0.255000
0 0.325833 0.645000 0.101667 0.145000
0 0.252500 0.646250 0.075000 0.152500
0 0.183333 0.658750 0.126667 0.077500
0 0.199167 0.747500 0.075000 0.135000
0 0.084167 0.556250 0.168333 0.042500
0 0.645000 0.747500 0.053333 0.205000
0 0.650000 0.848750 0.043333 0.057500
0 0.717500 0.752500 0.118333 0.135000
0 0.935833 0.707500 0.075000 0.230000
0 0.979167 0.895000 0.038333 0.070000
0 0.230000 0.853750 0.100000 0.227500