0 0.116667 0.210000 0.063333 0.220000
0 0.099167 0.103750 0.035000 0.057500
1 0.054167 0.347500 0.065000 0.100000
0 0.268333 0.577500 0.093333 0.150000
0 0.339167 0.572500 0.101667 0.145000
3 0.390833 0.597500 0.048333 0.060000
0 0.544167 0.245000 0.101667 0.210000
0 0.644167 0.098750 0.105000 0.137500
0 0.926667 0.610000 0.116667 0.220000
0 0.855833 0.903750 0.071667 0.187500
0 0.644167 0.748750 0.135000 0.122500
0 0.440000 0.866250 0.123333 0.187500
0 0.060000 0.676250 0.090000 0.162500
0 0.048333 0.840000 0.086667 0.115000
1 0.710833 0.145000 0.051667 0.050000
1 0.095833 0.242500 0.038333 0.075000
0 0.484167 0.040000 0.168333 0.080000