0 0.125000 0.172500 0.033333 0.205000
0 0.123333 0.343750 0.110000 0.172500
0 0.029167 0.308750 0.055000 0.077500
0 0.035000 0.250000 0.066667 0.170000
0 0.385833 0.097500 0.075000 0.195000
0 0.530833 0.156250 0.121667 0.247500
0 0.634167 0.105000 0.111667 0.210000
0 0.587500 0.362500 0.061667 0.245000
0 0.882500 0.623750 0.081667 0.247500
1 0.839167 0.666250 0.048333 0.067500
0 0.028333 0.603750 0.056667 0.087500
0 0.228333 0.628750 0.080000 0.122500
0 0.410833 0.731250 0.071667 0.272500
0 0.517500 0.850000 0.125000 0.060000
0 0.517500 0.845000 0.108333 0.130000
0 0.615833 0.871250 0.081667 0.082500
0 0.673333 0.885000 0.090000 0.220000
1 0.624167 0.927500 0.061667 0.075000
0 0.175000 0.886250 0.066667 0.212500
0 0.255833 0.903750 0.075000 0.187500
0 0.450833 0.956250 0.081667 0.082500
5 0.325000 0.256250 0.086667 0.107500