0 0.111667 0.271250 0.046667 0.087500
0 0.138333 0.485000 0.060000 0.240000
0 0.315833 0.466250 0.118333 0.087500
0 0.615000 0.455000 0.093333 0.150000
0 0.714167 0.615000 0.191667 0.180000
0 0.945000 0.670000 0.053333 0.240000
0 0.835833 0.775000 0.075000 0.090000
0 0.909167 0.323750 0.081667 0.052500
0 0.644167 0.186250 0.168333 0.087500
0 0.518333 0.228750 0.093333 0.217500
0 0.520000 0.251250 0.053333 0.157500
0 0.122500 0.923750 0.071667 0.142500
3 0.724167 0.347500 0.058333 0.065000
3 0.788333 0.570000 0.030000 0.055000