0 0.116667 0.210000 0.030000 0.180000
0 0.388333 0.140000 0.046667 0.215000
0 0.524167 0.152500 0.111667 0.220000
0 0.630000 0.121250 0.076667 0.202500
0 0.596667 0.398750 0.076667 0.237500
0 0.119167 0.393750 0.105000 0.202500
0 0.028333 0.348750 0.053333 0.082500
1 0.026667 0.245000 0.050000 0.060000
0 0.036667 0.637500 0.070000 0.095000
0 0.206667 0.673750 0.106667 0.152500
0 0.396667 0.785000 0.080000 0.275000
0 0.500000 0.887500 0.116667 0.065000
0 0.515000 0.873750 0.080000 0.107500
0 0.613333 0.907500 0.090000 0.095000
0 0.670833 0.898750 0.095000 0.182500
0 0.875000 0.665000 0.106667 0.240000
1 0.609167 0.961250 0.061667 0.072500
1 0.824167 0.712500 0.055000 0.085000
0 0.175000 0.907500 0.066667 0.165000
0 0.465833 0.967500 0.098333 0.055000
5 0.323333 0.271250 0.090000 0.107500