0 0.367500 0.216250 0.058333 0.117500
0 0.255000 0.196250 0.150000 0.027500
0 0.290000 0.286250 0.106667 0.122500
0 0.354167 0.310000 0.081667 0.185000
0 0.550000 0.285000 0.030000 0.130000
0 0.490833 0.157500 0.151667 0.135000
0 0.605833 0.156250 0.058333 0.187500
0 0.745833 0.407500 0.168333 0.060000
0 0.941667 0.433750 0.056667 0.177500
0 0.241667 0.577500 0.100000 0.240000
0 0.229167 0.517500 0.055000 0.055000
0 0.269167 0.673750 0.138333 0.162500
0 0.325833 0.526250 0.038333 0.137500
0 0.273333 0.847500 0.060000 0.205000
3 0.052500 0.785000 0.048333 0.050000
0 0.204167 0.962500 0.031667 0.065000
0 0.446667 0.848750 0.056667 0.157500
0 0.471667 0.967500 0.043333 0.060000
1 0.634167 0.496250 0.045000 0.057500
3 0.973333 0.810000 0.050000 0.085000
0 0.897500 0.786250 0.055000 0.087500
0 0.805000 0.276250 0.170000 0.152500