0 0.109167 0.131250 0.081667 0.122500
0 0.085833 0.208750 0.038333 0.067500
0 0.105833 0.285000 0.065000 0.170000
1 0.035000 0.461250 0.053333 0.077500
0 0.240833 0.672500 0.105000 0.135000
0 0.334167 0.636250 0.078333 0.117500
0 0.075000 0.831250 0.086667 0.187500
0 0.037500 0.948750 0.071667 0.097500
0 0.546667 0.322500 0.163333 0.145000
0 0.619167 0.851250 0.148333 0.137500
0 0.822500 0.935000 0.075000 0.125000
0 0.692500 0.067500 0.148333 0.135000
0 0.474167 0.095000 0.158333 0.190000
0 0.955000 0.032500 0.086667 0.060000
3 0.709167 0.948750 0.031667 0.057500
1 0.081667 0.367500 0.050000 0.055000
1 0.699167 0.241250 0.045000 0.052500