0 0.107500 0.053750 0.038333 0.052500
0 0.127500 0.118750 0.055000 0.117500
1 0.057500 0.312500 0.055000 0.070000
0 0.561667 0.190000 0.120000 0.210000
0 0.345833 0.551250 0.075000 0.117500
0 0.285000 0.525000 0.060000 0.170000
0 0.063333 0.621250 0.103333 0.182500
0 0.160000 0.708750 0.040000 0.047500
0 0.055833 0.785000 0.095000 0.105000
0 0.069167 0.910000 0.078333 0.125000
0 0.459167 0.806250 0.108333 0.187500
0 0.652500 0.682500 0.138333 0.135000
0 0.848333 0.883750 0.070000 0.227500
3 0.725833 0.805000 0.031667 0.050000
3 0.280833 0.941250 0.051667 0.052500
1 0.105000 0.196250 0.050000 0.067500
1 0.713333 0.110000 0.050000 0.065000