0 0.208333 0.035000 0.093333 0.070000
0 0.385833 0.048750 0.085000 0.097500
0 0.483333 0.227500 0.166667 0.100000
0 0.348333 0.275000 0.040000 0.220000
0 0.275000 0.300000 0.163333 0.105000
0 0.285000 0.352500 0.153333 0.095000
0 0.355833 0.358750 0.115000 0.162500
0 0.556667 0.378750 0.046667 0.177500
0 0.763333 0.488750 0.230000 0.077500
0 0.810833 0.383750 0.151667 0.117500
0 0.940833 0.485000 0.078333 0.155000
0 0.272500 0.757500 0.151667 0.170000
0 0.246667 0.660000 0.120000 0.255000
0 0.320000 0.591250 0.043333 0.177500
1 0.060000 0.888750 0.053333 0.052500
1 0.970000 0.881250 0.056667 0.077500
1 0.628333 0.598750 0.070000 0.097500