0 0.534167 0.313750 0.171667 0.192500
0 0.807500 0.238750 0.051667 0.237500
0 0.727500 0.058750 0.118333 0.087500
0 0.108333 0.077500 0.080000 0.110000
0 0.097500 0.168750 0.035000 0.062500
0 0.115833 0.227500 0.041667 0.130000
1 0.040000 0.408750 0.066667 0.087500
0 0.257500 0.647500 0.121667 0.190000
0 0.344167 0.621250 0.098333 0.137500
3 0.387500 0.648750 0.038333 0.062500
0 0.057500 0.748750 0.098333 0.222500
0 0.050000 0.908750 0.096667 0.097500
0 0.438333 0.902500 0.086667 0.190000
0 0.621667 0.845000 0.133333 0.050000
0 0.836667 0.921250 0.066667 0.152500
3 0.713333 0.907500 0.030000 0.045000
1 0.089167 0.307500 0.038333 0.065000
1 0.700000 0.192500 0.066667 0.075000
0 0.470833 0.068750 0.165000 0.137500