0 0.481667 0.111250 0.133333 0.202500
0 0.671667 0.087500 0.126667 0.115000
0 0.945833 0.065000 0.105000 0.110000
0 0.549167 0.341250 0.198333 0.112500
0 0.182500 0.160000 0.068333 0.180000
0 0.114167 0.166250 0.081667 0.117500
0 0.081667 0.245000 0.040000 0.060000
0 0.107500 0.305000 0.065000 0.125000
1 0.035000 0.490000 0.066667 0.065000
0 0.221667 0.697500 0.093333 0.085000
0 0.334167 0.666250 0.071667 0.142500
0 0.046667 0.857500 0.090000 0.210000
0 0.617500 0.893750 0.165000 0.107500
0 0.815833 0.938750 0.051667 0.117500
1 0.695000 0.263750 0.046667 0.062500
1 0.075833 0.392500 0.041667 0.065000