0 0.068333 0.090000 0.113333 0.140000
0 0.203333 0.088750 0.153333 0.127500
0 0.322500 0.056250 0.025000 0.107500
0 0.353333 0.178750 0.050000 0.247500
0 0.301667 0.180000 0.033333 0.140000
0 0.727500 0.066250 0.178333 0.077500
0 0.939167 0.158750 0.055000 0.152500
0 0.230000 0.347500 0.086667 0.220000
0 0.223333 0.241250 0.063333 0.067500
0 0.300833 0.361250 0.105000 0.122500
0 0.263333 0.495000 0.070000 0.165000
0 0.445000 0.491250 0.053333 0.127500
0 0.465000 0.263750 0.093333 0.067500
0 0.746667 0.686250 0.093333 0.132500
0 0.771667 0.753750 0.080000 0.207500
0 0.970833 0.560000 0.055000 0.230000
0 0.535000 0.847500 0.100000 0.185000
0 0.590000 0.956250 0.080000 0.082500
0 0.470000 0.835000 0.143333 0.230000
0 0.281667 0.770000 0.113333 0.140000
0 0.166667 0.777500 0.070000 0.225000
1 0.618333 0.948750 0.053333 0.097500
1 0.956667 0.521250 0.076667 0.097500