0 0.124167 0.167500 0.025000 0.230000
0 0.134167 0.322500 0.105000 0.190000
0 0.038333 0.291250 0.073333 0.212500
0 0.024167 0.276250 0.048333 0.082500
0 0.535833 0.140000 0.108333 0.230000
0 0.603333 0.342500 0.056667 0.260000
0 0.881667 0.595000 0.093333 0.240000
0 0.679167 0.867500 0.108333 0.190000
0 0.618333 0.875000 0.103333 0.095000
0 0.523333 0.818750 0.110000 0.122500
0 0.513333 0.837500 0.130000 0.055000
0 0.410833 0.716250 0.075000 0.257500
0 0.440000 0.947500 0.100000 0.095000
0 0.265000 0.938750 0.136667 0.112500
0 0.256667 0.883750 0.063333 0.222500
0 0.177500 0.876250 0.085000 0.242500
0 0.229167 0.611250 0.095000 0.102500
0 0.026667 0.593750 0.050000 0.072500
0 0.377500 0.085000 0.051667 0.170000
5 0.323333 0.258750 0.096667 0.112500
1 0.033333 0.161250 0.036667 0.047500
1 0.621667 0.915000 0.066667 0.070000