0 0.220000 0.023750 0.080000 0.047500
0 0.398333 0.043750 0.066667 0.087500
0 0.492500 0.195000 0.185000 0.090000
0 0.352500 0.220000 0.068333 0.095000
0 0.272500 0.271250 0.155000 0.057500
0 0.285833 0.332500 0.141667 0.095000
0 0.352500 0.342500 0.121667 0.175000
0 0.234167 0.570000 0.025000 0.055000
0 0.239167 0.647500 0.088333 0.235000
0 0.277500 0.725000 0.151667 0.170000
0 0.317500 0.580000 0.048333 0.155000
0 0.297500 0.910000 0.091667 0.175000
3 0.060833 0.867500 0.045000 0.055000
0 0.454167 0.925000 0.075000 0.145000
0 0.755833 0.487500 0.208333 0.095000
0 0.950833 0.475000 0.065000 0.155000
0 0.805000 0.367500 0.180000 0.140000
0 0.557500 0.346250 0.031667 0.192500
1 0.970000 0.867500 0.056667 0.095000
1 0.632500 0.575000 0.048333 0.090000