0 0.356667 0.060000 0.070000 0.120000
0 0.165000 0.058750 0.073333 0.117500
0 0.042500 0.148750 0.081667 0.112500
0 0.337500 0.513750 0.085000 0.172500
0 0.436667 0.421250 0.096667 0.102500
0 0.687500 0.370000 0.088333 0.135000
0 0.816667 0.180000 0.050000 0.215000
0 0.599167 0.148750 0.061667 0.077500
0 0.921667 0.448750 0.103333 0.082500
0 0.895833 0.415000 0.068333 0.150000
0 0.911667 0.767500 0.060000 0.225000
0 0.975833 0.893750 0.045000 0.187500
0 0.810833 0.812500 0.111667 0.050000
5 0.738333 0.628750 0.046667 0.092500
0 0.046667 0.668750 0.090000 0.177500
0 0.139167 0.751250 0.115000 0.122500
0 0.410833 0.900000 0.138333 0.175000