0 0.134167 0.208750 0.041667 0.077500
0 0.154167 0.442500 0.055000 0.275000
0 0.252500 0.630000 0.105000 0.060000
0 0.257500 0.595000 0.118333 0.050000
0 0.326667 0.507500 0.053333 0.195000
0 0.529167 0.225000 0.048333 0.150000
0 0.535000 0.190000 0.090000 0.220000
0 0.656667 0.152500 0.143333 0.115000
0 0.634167 0.402500 0.058333 0.135000
0 0.961667 0.638750 0.073333 0.172500
0 0.730000 0.567500 0.163333 0.145000
3 0.802500 0.511250 0.028333 0.052500
3 0.730000 0.336250 0.030000 0.042500
0 0.130833 0.907500 0.081667 0.180000