0 0.153333 0.395000 0.063333 0.270000
0 0.320833 0.495000 0.105000 0.090000
0 0.257500 0.588750 0.085000 0.037500
0 0.237500 0.602500 0.088333 0.075000
0 0.648333 0.393750 0.080000 0.117500
0 0.620000 0.523750 0.050000 0.112500
0 0.742500 0.547500 0.171667 0.150000
0 0.845833 0.706250 0.071667 0.132500
0 0.962500 0.615000 0.065000 0.280000
0 0.920833 0.312500 0.055000 0.055000
0 0.530000 0.221250 0.063333 0.177500
0 0.530000 0.147500 0.073333 0.125000
0 0.659167 0.155000 0.148333 0.130000
0 0.157500 0.893750 0.088333 0.172500
0 0.153333 0.827500 0.063333 0.085000
3 0.811667 0.495000 0.033333 0.030000
3 0.737500 0.332500 0.048333 0.030000