0 0.209167 0.121250 0.135000 0.077500
0 0.052500 0.051250 0.058333 0.072500
0 0.494167 0.261250 0.135000 0.197500
0 0.846667 0.376250 0.176667 0.067500
0 0.981667 0.153750 0.033333 0.207500
0 0.706667 0.616250 0.076667 0.197500
0 0.270000 0.680000 0.143333 0.060000
0 0.155000 0.678750 0.120000 0.067500
0 0.065000 0.700000 0.046667 0.180000
0 0.333333 0.677500 0.080000 0.265000
0 0.472500 0.737500 0.131667 0.170000
0 0.907500 0.926250 0.065000 0.137500
0 0.047500 0.420000 0.095000 0.115000
0 0.037500 0.447500 0.048333 0.075000