0 0.344167 0.240000 0.021667 0.145000
0 0.265833 0.265000 0.151667 0.170000
0 0.361667 0.276250 0.080000 0.227500
0 0.488333 0.147500 0.143333 0.145000
0 0.556667 0.245000 0.043333 0.150000
0 0.605833 0.170000 0.055000 0.235000
0 0.751667 0.377500 0.183333 0.055000
0 0.945833 0.421250 0.055000 0.152500
0 0.235833 0.571250 0.095000 0.202500
0 0.236667 0.508750 0.043333 0.042500
0 0.286667 0.642500 0.123333 0.160000
0 0.323333 0.481250 0.036667 0.157500
3 0.053333 0.758750 0.036667 0.037500
0 0.285000 0.826250 0.053333 0.187500
0 0.191667 0.958750 0.060000 0.077500
0 0.450833 0.837500 0.041667 0.145000
0 0.484167 0.963750 0.075000 0.062500
1 0.634167 0.476250 0.051667 0.067500
0 0.894167 0.778750 0.051667 0.092500
1 0.966667 0.795000 0.060000 0.090000