0 0.130833 0.215000 0.121667 0.230000
0 0.144167 0.070000 0.025000 0.140000
0 0.025000 0.140000 0.050000 0.065000
0 0.059167 0.330000 0.071667 0.280000
0 0.018333 0.485000 0.033333 0.070000
0 0.174167 0.755000 0.088333 0.240000
0 0.262500 0.758750 0.085000 0.237500
0 0.259167 0.808750 0.155000 0.142500
0 0.393333 0.910000 0.180000 0.090000
0 0.676667 0.780000 0.083333 0.205000
0 0.626667 0.811250 0.113333 0.082500
0 0.516667 0.740000 0.160000 0.140000
0 0.424167 0.615000 0.078333 0.290000
0 0.890833 0.480000 0.088333 0.255000
0 0.820000 0.528750 0.126667 0.132500
0 0.615833 0.238750 0.135000 0.302500
0 0.400833 0.036250 0.061667 0.072500
0 0.232500 0.486250 0.128333 0.147500
5 0.329167 0.267500 0.098333 0.155000
1 0.035833 0.055000 0.071667 0.070000
0 0.525000 0.120000 0.063333 0.240000
0 0.600000 0.035000 0.106667 0.070000