0 0.030833 0.127500 0.058333 0.080000
0 0.130833 0.191250 0.115000 0.227500
0 0.072500 0.345000 0.111667 0.220000
0 0.145000 0.092500 0.026667 0.185000
0 0.525000 0.097500 0.093333 0.195000
0 0.596667 0.227500 0.106667 0.270000
0 0.177500 0.722500 0.068333 0.245000
0 0.256667 0.735000 0.080000 0.230000
0 0.256667 0.788750 0.173333 0.142500
0 0.383333 0.877500 0.196667 0.080000
0 0.421667 0.576250 0.076667 0.272500
0 0.235000 0.475000 0.106667 0.130000
0 0.504167 0.727500 0.185000 0.115000
0 0.680000 0.766250 0.083333 0.202500
0 0.626667 0.812500 0.103333 0.070000
0 0.886667 0.468750 0.090000 0.262500
1 0.627500 0.818750 0.055000 0.062500
5 0.333333 0.255000 0.086667 0.110000
1 0.842500 0.508750 0.058333 0.067500