0 0.819917 0.317138 0.116400 0.108475
0 0.644525 0.078275 0.035150 0.160350
0 0.810558 0.157225 0.114850 0.182200
0 0.548242 0.375275 0.071483 0.047400
0 0.691800 0.287113 0.030467 0.051825
5 0.269142 0.671362 0.054683 0.096875
0 0.131667 0.377500 0.140000 0.145000
0 0.102500 0.135000 0.091667 0.095000
0 0.723333 0.675000 0.143333 0.110000
0 0.330000 0.735000 0.056667 0.235000
0 0.195000 0.960000 0.093333 0.075000
0 0.397500 0.113750 0.125000 0.107500
0 0.215000 0.163750 0.080000 0.112500
0 0.315000 0.067500 0.040000 0.135000