0 0.047500 0.663750 0.065000 0.327500
0 0.075000 0.086250 0.120000 0.122500
0 0.264167 0.180000 0.138333 0.180000
0 0.261667 0.145000 0.080000 0.140000
0 0.370833 0.080000 0.108333 0.115000
0 0.475000 0.153750 0.070000 0.087500
0 0.478333 0.335000 0.076667 0.150000
0 0.539167 0.418750 0.155000 0.117500
0 0.559167 0.450000 0.071667 0.130000
0 0.973333 0.251250 0.050000 0.077500
0 0.871667 0.262500 0.113333 0.165000
0 0.877500 0.483750 0.058333 0.092500
0 0.911667 0.717500 0.160000 0.140000
5 0.870833 0.731250 0.045000 0.102500
0 0.551667 0.553750 0.113333 0.112500
0 0.405000 0.483750 0.113333 0.062500
1 0.563333 0.180000 0.043333 0.065000