0 0.045833 0.300000 0.071667 0.225000
0 0.199167 0.362500 0.158333 0.150000
0 0.227500 0.342500 0.128333 0.055000
0 0.195833 0.351250 0.071667 0.117500
0 0.219167 0.056250 0.041667 0.067500
0 0.485000 0.345000 0.146667 0.060000
0 0.580000 0.426250 0.130000 0.112500
0 0.676667 0.291250 0.083333 0.117500
0 0.715833 0.287500 0.091667 0.165000
0 0.780000 0.263750 0.133333 0.067500
0 0.839167 0.340000 0.118333 0.120000
0 0.820833 0.455000 0.141667 0.145000
0 0.900000 0.510000 0.083333 0.060000
0 0.675833 0.547500 0.075000 0.215000
0 0.650000 0.901250 0.080000 0.192500
0 0.598333 0.751250 0.053333 0.137500
0 0.560833 0.757500 0.075000 0.190000
0 0.157500 0.855000 0.115000 0.270000
0 0.218333 0.890000 0.156667 0.080000
0 0.918333 0.796250 0.146667 0.127500
0 0.964167 0.736250 0.055000 0.112500
0 0.050000 0.488750 0.096667 0.152500
0 0.192500 0.482500 0.081667 0.125000
0 0.075833 0.181250 0.115000 0.217500
1 0.642500 0.052500 0.045000 0.045000
1 0.496667 0.118750 0.040000 0.062500
1 0.022500 0.042500 0.041667 0.055000
1 0.323333 0.405000 0.053333 0.080000
4 0.293333 0.598750 0.080000 0.142500
0 0.223333 0.623750 0.103333 0.092500
1 0.571667 0.886250 0.040000 0.057500
1 0.807500 0.933750 0.038333 0.052500
1 0.938333 0.415000 0.043333 0.050000