0 0.116667 0.102500 0.160000 0.160000
0 0.113333 0.272500 0.140000 0.195000
0 0.070833 0.476250 0.125000 0.187500
0 0.077500 0.466250 0.145000 0.127500
0 0.267500 0.301250 0.138333 0.117500
0 0.260833 0.270000 0.085000 0.060000
0 0.263333 0.305000 0.040000 0.050000
0 0.383333 0.262500 0.066667 0.165000
0 0.516667 0.172500 0.106667 0.105000
0 0.589167 0.421250 0.151667 0.202500
0 0.735833 0.272500 0.085000 0.230000
0 0.840833 0.162500 0.131667 0.180000
0 0.936667 0.416250 0.093333 0.177500
0 0.250000 0.743750 0.086667 0.217500
0 0.265833 0.922500 0.171667 0.115000
0 0.765000 0.846250 0.160000 0.122500
0 0.697500 0.583750 0.055000 0.247500
0 0.640000 0.053750 0.140000 0.077500
1 0.517500 0.090000 0.045000 0.065000
1 0.332500 0.415000 0.035000 0.090000
3 0.241667 0.213750 0.030000 0.037500
1 0.041667 0.275000 0.056667 0.050000
1 0.842500 0.910000 0.041667 0.060000
1 0.806667 0.332500 0.046667 0.055000
1 0.715833 0.227500 0.048333 0.070000
4 0.394167 0.476250 0.101667 0.127500
1 0.735833 0.617500 0.045000 0.060000
4 0.600833 0.817500 0.065000 0.070000