0 0.089167 0.161250 0.131667 0.207500
0 0.060000 0.282500 0.066667 0.230000
0 0.045000 0.301250 0.040000 0.057500
0 0.052500 0.461250 0.101667 0.142500
0 0.150833 0.645000 0.165000 0.130000
0 0.158333 0.731250 0.063333 0.157500
0 0.212500 0.782500 0.091667 0.295000
0 0.127500 0.905000 0.055000 0.150000
0 0.437500 0.846250 0.161667 0.087500
0 0.582500 0.575000 0.141667 0.120000
0 0.576667 0.423750 0.140000 0.132500
0 0.695833 0.313750 0.068333 0.147500
0 0.695000 0.898750 0.140000 0.197500
0 0.913333 0.468750 0.126667 0.137500
0 0.749167 0.250000 0.091667 0.170000
0 0.883333 0.186250 0.166667 0.112500
0 0.877500 0.302500 0.111667 0.120000
0 0.212500 0.342500 0.071667 0.125000
0 0.209167 0.331250 0.135000 0.107500
0 0.249167 0.311250 0.098333 0.042500
0 0.177500 0.127500 0.055000 0.195000
1 0.495833 0.107500 0.041667 0.070000
1 0.318333 0.408750 0.043333 0.072500
0 0.552500 0.721250 0.058333 0.147500
0 0.608333 0.646250 0.060000 0.167500
0 0.876667 0.707500 0.136667 0.095000
0 0.977500 0.791250 0.038333 0.172500
1 0.831667 0.921250 0.050000 0.052500
1 0.701667 0.651250 0.046667 0.057500
1 0.952500 0.390000 0.051667 0.060000
1 0.669167 0.283750 0.048333 0.072500
4 0.320833 0.546250 0.078333 0.167500
1 0.580000 0.866250 0.046667 0.057500
1 0.666667 0.025000 0.040000 0.050000