0 0.056667 0.067500 0.110000 0.100000
0 0.050833 0.145000 0.098333 0.065000
0 0.150833 0.105000 0.101667 0.095000
0 0.218333 0.080000 0.083333 0.140000
0 0.233333 0.292500 0.073333 0.225000
0 0.339167 0.250000 0.131667 0.070000
0 0.497500 0.035000 0.031667 0.070000
0 0.463333 0.102500 0.083333 0.075000
0 0.500000 0.120000 0.080000 0.100000
0 0.583333 0.172500 0.096667 0.150000
0 0.644167 0.081250 0.061667 0.142500
0 0.888333 0.106250 0.116667 0.142500
0 0.713333 0.172500 0.060000 0.195000
0 0.491667 0.260000 0.090000 0.120000
0 0.544167 0.237500 0.081667 0.115000
0 0.412500 0.435000 0.098333 0.090000
0 0.338333 0.406250 0.076667 0.087500
0 0.355833 0.461250 0.055000 0.067500
0 0.315000 0.532500 0.103333 0.075000
0 0.293333 0.473750 0.106667 0.032500
0 0.197500 0.446250 0.068333 0.147500
0 0.247500 0.583750 0.105000 0.102500
0 0.139167 0.505000 0.048333 0.190000
0 0.054167 0.631250 0.088333 0.122500
0 0.138333 0.612500 0.096667 0.035000
0 0.062500 0.631250 0.041667 0.162500
0 0.034167 0.257500 0.065000 0.060000
0 0.499167 0.431250 0.098333 0.142500
0 0.509167 0.530000 0.145000 0.080000
0 0.613333 0.471250 0.070000 0.137500
0 0.689167 0.476250 0.088333 0.257500
0 0.839167 0.653750 0.161667 0.062500
0 0.966667 0.611250 0.060000 0.042500
0 0.890000 0.766250 0.150000 0.087500
0 0.717500 0.812500 0.051667 0.205000
0 0.571667 0.881250 0.060000 0.157500
0 0.741667 0.956250 0.063333 0.077500
0 0.949167 0.941250 0.098333 0.112500
0 0.605000 0.792500 0.070000 0.095000
0 0.545833 0.757500 0.085000 0.100000
0 0.510833 0.895000 0.025000 0.205000
0 0.395000 0.725000 0.063333 0.200000
0 0.288333 0.637500 0.036667 0.135000
0 0.262500 0.712500 0.138333 0.055000
0 0.145833 0.816250 0.095000 0.162500
0 0.106667 0.911250 0.100000 0.137500
0 0.260000 0.951250 0.086667 0.092500
0 0.820833 0.923750 0.065000 0.147500