0 0.051667 0.185000 0.093333 0.150000
0 0.165833 0.130000 0.118333 0.080000
0 0.183333 0.141250 0.086667 0.097500
0 0.292500 0.072500 0.118333 0.100000
0 0.320833 0.207500 0.141667 0.065000
0 0.503333 0.075000 0.160000 0.110000
0 0.686667 0.060000 0.110000 0.080000
0 0.628333 0.155000 0.180000 0.090000
0 0.845000 0.142500 0.193333 0.055000
0 0.954167 0.255000 0.061667 0.140000
0 0.978333 0.360000 0.040000 0.135000
0 0.835000 0.510000 0.150000 0.115000
0 0.607500 0.537500 0.078333 0.100000
0 0.603333 0.521250 0.070000 0.102500
0 0.475000 0.352500 0.080000 0.165000
0 0.603333 0.255000 0.166667 0.050000
0 0.357500 0.347500 0.111667 0.075000
0 0.268333 0.385000 0.040000 0.240000
0 0.225000 0.318750 0.066667 0.062500
0 0.140000 0.330000 0.050000 0.215000
0 0.031667 0.391250 0.060000 0.037500
0 0.035000 0.441250 0.066667 0.047500
0 0.105833 0.502500 0.065000 0.285000
0 0.260000 0.608750 0.103333 0.172500
0 0.270833 0.690000 0.118333 0.060000
0 0.318333 0.740000 0.120000 0.070000
0 0.415833 0.665000 0.115000 0.100000
0 0.427500 0.617500 0.128333 0.115000
0 0.521667 0.780000 0.086667 0.060000
0 0.529167 0.843750 0.128333 0.042500
0 0.289167 0.806250 0.098333 0.087500
0 0.130833 0.795000 0.101667 0.125000
0 0.045833 0.857500 0.081667 0.135000
0 0.234167 0.925000 0.018333 0.145000
0 0.285833 0.970000 0.061667 0.050000
0 0.654167 0.828750 0.101667 0.222500
0 0.755000 0.747500 0.126667 0.195000
0 0.770000 0.918750 0.143333 0.057500
0 0.805000 0.935000 0.043333 0.125000
0 0.948333 0.940000 0.100000 0.115000
0 0.605000 0.931250 0.106667 0.107500
0 0.487500 0.925000 0.055000 0.130000