0 0.080000 0.192500 0.113333 0.130000
0 0.199167 0.128750 0.091667 0.092500
0 0.198333 0.216250 0.103333 0.077500
0 0.290833 0.050000 0.121667 0.080000
0 0.441667 0.048750 0.020000 0.097500
0 0.476667 0.106250 0.053333 0.097500
0 0.573333 0.110000 0.070000 0.180000
0 0.642500 0.118750 0.131667 0.057500
0 0.630833 0.207500 0.101667 0.060000
0 0.712500 0.315000 0.045000 0.150000
0 0.685000 0.417500 0.050000 0.100000
0 0.574167 0.416250 0.088333 0.102500
0 0.620833 0.551250 0.115000 0.157500
0 0.733333 0.056250 0.093333 0.102500
0 0.894167 0.110000 0.125000 0.120000
0 0.980000 0.240000 0.036667 0.080000
0 0.890833 0.337500 0.105000 0.135000
0 0.869167 0.435000 0.065000 0.100000
0 0.421667 0.313750 0.090000 0.087500
0 0.325833 0.243750 0.088333 0.132500
0 0.326667 0.411250 0.126667 0.127500
0 0.489167 0.596250 0.088333 0.122500
0 0.560000 0.631250 0.066667 0.222500
0 0.545000 0.791250 0.096667 0.077500
0 0.685833 0.795000 0.118333 0.105000
0 0.409167 0.586250 0.108333 0.052500
0 0.358333 0.643750 0.083333 0.157500
0 0.297500 0.696250 0.078333 0.157500
0 0.172500 0.475000 0.058333 0.130000
0 0.162500 0.398750 0.055000 0.112500
0 0.031667 0.420000 0.063333 0.140000
0 0.045833 0.791250 0.075000 0.092500
0 0.246667 0.937500 0.100000 0.100000
0 0.347500 0.917500 0.065000 0.095000
0 0.403333 0.930000 0.086667 0.070000
0 0.523333 0.902500 0.080000 0.105000
0 0.374167 0.766250 0.108333 0.082500
0 0.466667 0.752500 0.100000 0.075000
0 0.884167 0.785000 0.115000 0.050000
0 0.906667 0.685000 0.116667 0.110000
0 0.818333 0.931250 0.066667 0.122500
0 0.789167 0.923750 0.085000 0.032500
0 0.690833 0.960000 0.091667 0.060000
0 0.954167 0.958750 0.088333 0.057500