0 0.120000 0.030000 0.140000 0.040000
0 0.175000 0.113750 0.073333 0.197500
0 0.255000 0.041250 0.100000 0.072500
0 0.105833 0.152500 0.115000 0.145000
0 0.054167 0.296250 0.105000 0.067500
0 0.022500 0.397500 0.038333 0.195000
0 0.125000 0.371250 0.050000 0.082500
0 0.149167 0.261250 0.088333 0.127500
0 0.217500 0.495000 0.118333 0.090000
0 0.285000 0.583750 0.113333 0.042500
0 0.343333 0.656250 0.173333 0.122500
0 0.470000 0.512500 0.170000 0.095000
0 0.396667 0.412500 0.086667 0.190000
0 0.455833 0.315000 0.078333 0.150000
0 0.534167 0.238750 0.135000 0.087500
0 0.466667 0.165000 0.100000 0.065000
0 0.492500 0.101250 0.118333 0.087500
0 0.556667 0.051250 0.066667 0.087500
0 0.566667 0.016250 0.050000 0.032500
0 0.725833 0.097500 0.101667 0.120000
0 0.793333 0.072500 0.100000 0.105000
0 0.874167 0.096250 0.111667 0.137500
0 0.744167 0.426250 0.171667 0.077500
0 0.662500 0.513750 0.148333 0.192500
0 0.590000 0.577500 0.130000 0.105000
0 0.477500 0.612500 0.111667 0.065000
0 0.539167 0.730000 0.095000 0.160000
0 0.540833 0.776250 0.071667 0.092500
0 0.675833 0.690000 0.128333 0.085000
0 0.745000 0.866250 0.100000 0.107500
0 0.727500 0.850000 0.115000 0.100000
0 0.822500 0.848750 0.041667 0.087500
0 0.870000 0.853750 0.093333 0.052500
0 0.827500 0.903750 0.045000 0.077500
0 0.556667 0.948750 0.056667 0.097500
0 0.434167 0.835000 0.041667 0.180000
0 0.380833 0.833750 0.058333 0.112500
0 0.380000 0.755000 0.106667 0.130000
0 0.319167 0.825000 0.065000 0.090000
0 0.146667 0.730000 0.090000 0.165000
0 0.270833 0.908750 0.058333 0.072500
0 0.216667 0.912500 0.083333 0.165000
0 0.053333 0.905000 0.106667 0.090000
0 0.096667 0.936250 0.083333 0.097500
0 0.101667 0.820000 0.080000 0.105000