0 0.064167 0.108750 0.041667 0.197500
0 0.160000 0.065000 0.063333 0.115000
0 0.164167 0.131250 0.015000 0.162500
0 0.250000 0.227500 0.090000 0.125000
0 0.327500 0.100000 0.021667 0.200000
0 0.301667 0.096250 0.043333 0.172500
0 0.378333 0.171250 0.070000 0.107500
0 0.458333 0.176250 0.080000 0.072500
0 0.528333 0.051250 0.016667 0.102500
0 0.549167 0.177500 0.058333 0.100000
0 0.615833 0.285000 0.058333 0.115000
0 0.678333 0.417500 0.046667 0.195000
0 0.722500 0.478750 0.071667 0.107500
0 0.685833 0.591250 0.091667 0.052500
0 0.730000 0.702500 0.083333 0.120000
0 0.545833 0.540000 0.055000 0.060000
0 0.573333 0.503750 0.110000 0.082500
0 0.593333 0.415000 0.096667 0.070000
0 0.439167 0.306250 0.121667 0.127500
0 0.494167 0.455000 0.035000 0.225000
0 0.410000 0.498750 0.113333 0.162500
0 0.422500 0.590000 0.085000 0.140000
0 0.260833 0.607500 0.051667 0.225000
0 0.147500 0.485000 0.081667 0.145000
0 0.141667 0.647500 0.030000 0.135000
0 0.196667 0.685000 0.073333 0.090000
0 0.218333 0.796250 0.076667 0.137500
0 0.020833 0.823750 0.041667 0.172500
0 0.077500 0.738750 0.085000 0.087500
0 0.125833 0.762500 0.055000 0.105000
0 0.108333 0.890000 0.123333 0.160000
0 0.492500 0.902500 0.045000 0.185000
0 0.540833 0.920000 0.075000 0.155000
0 0.632500 0.855000 0.065000 0.175000
0 0.653333 0.793750 0.050000 0.172500
0 0.821667 0.715000 0.060000 0.150000
0 0.890833 0.541250 0.091667 0.197500
0 0.904167 0.733750 0.051667 0.087500
0 0.885000 0.245000 0.093333 0.110000
0 0.792500 0.188750 0.051667 0.157500
0 0.792500 0.490000 0.068333 0.155000
0 0.805833 0.580000 0.041667 0.140000
0 0.803333 0.910000 0.130000 0.080000