0 0.095000 0.146250 0.120000 0.122500
0 0.213333 0.145000 0.113333 0.070000
0 0.212500 0.080000 0.078333 0.125000
0 0.273333 0.120000 0.100000 0.125000
0 0.349167 0.033750 0.108333 0.052500
0 0.480833 0.090000 0.145000 0.095000
0 0.722500 0.073750 0.131667 0.102500
0 0.620000 0.016250 0.083333 0.032500
0 0.828333 0.030000 0.053333 0.060000
0 0.895000 0.116250 0.083333 0.147500
0 0.901667 0.256250 0.056667 0.097500
0 0.775000 0.270000 0.136667 0.140000
0 0.610833 0.193750 0.118333 0.067500
0 0.410833 0.298750 0.061667 0.237500
0 0.511667 0.321250 0.096667 0.127500
0 0.649167 0.488750 0.078333 0.127500
0 0.698333 0.561250 0.123333 0.112500
0 0.694167 0.622500 0.061667 0.140000
0 0.794167 0.605000 0.088333 0.130000
0 0.905833 0.483750 0.131667 0.112500
0 0.457500 0.521250 0.148333 0.077500
0 0.398333 0.506250 0.053333 0.167500
0 0.325833 0.592500 0.111667 0.085000
0 0.356667 0.632500 0.116667 0.075000
0 0.182500 0.265000 0.065000 0.150000
0 0.026667 0.402500 0.033333 0.165000
0 0.086667 0.623750 0.120000 0.142500
0 0.080833 0.573750 0.045000 0.052500
0 0.129167 0.748750 0.068333 0.072500
0 0.094167 0.775000 0.058333 0.095000
0 0.046667 0.863750 0.046667 0.197500
0 0.149167 0.888750 0.068333 0.077500
0 0.232500 0.787500 0.055000 0.240000
0 0.438333 0.943750 0.083333 0.107500
0 0.450000 0.673750 0.073333 0.127500
0 0.530000 0.735000 0.093333 0.090000
0 0.534167 0.787500 0.081667 0.115000
0 0.612500 0.707500 0.085000 0.050000
0 0.659167 0.783750 0.071667 0.087500
0 0.672500 0.903750 0.055000 0.072500
0 0.659167 0.968750 0.048333 0.052500
0 0.745833 0.960000 0.085000 0.075000
0 0.803333 0.923750 0.033333 0.147500
0 0.910000 0.802500 0.080000 0.210000
0 0.955833 0.963750 0.081667 0.062500
0 0.900000 0.967500 0.026667 0.060000
0 0.940000 0.645000 0.056667 0.140000