0 0.100833 0.052500 0.138333 0.045000
0 0.214167 0.093750 0.121667 0.052500
0 0.191667 0.082500 0.050000 0.150000
0 0.043333 0.140000 0.083333 0.045000
0 0.096667 0.142500 0.120000 0.105000
0 0.261667 0.212500 0.106667 0.175000
0 0.268333 0.250000 0.103333 0.040000
0 0.471667 0.100000 0.110000 0.180000
0 0.555833 0.070000 0.091667 0.105000
0 0.586667 0.138750 0.050000 0.147500
0 0.719167 0.176250 0.101667 0.142500
0 0.881667 0.108750 0.110000 0.152500
0 0.537500 0.202500 0.068333 0.135000
0 0.425000 0.313750 0.140000 0.092500
0 0.393333 0.347500 0.100000 0.125000
0 0.560833 0.332500 0.115000 0.140000
0 0.680833 0.446250 0.071667 0.187500
0 0.665833 0.596250 0.115000 0.142500
0 0.791667 0.693750 0.210000 0.112500
0 0.521667 0.488750 0.156667 0.057500
0 0.480833 0.532500 0.115000 0.035000
0 0.405000 0.501250 0.100000 0.142500
0 0.354167 0.525000 0.098333 0.135000
0 0.300000 0.610000 0.046667 0.160000
0 0.258333 0.572500 0.086667 0.065000
0 0.190833 0.605000 0.085000 0.080000
0 0.184167 0.420000 0.105000 0.160000
0 0.137500 0.463750 0.048333 0.167500
0 0.017500 0.396250 0.031667 0.217500
0 0.035833 0.695000 0.068333 0.255000
0 0.065833 0.706250 0.021667 0.212500
0 0.163333 0.827500 0.113333 0.135000
0 0.110833 0.940000 0.095000 0.115000
0 0.400000 0.670000 0.083333 0.160000
0 0.540000 0.766250 0.086667 0.102500
0 0.587500 0.777500 0.071667 0.125000
0 0.715000 0.843750 0.033333 0.152500
0 0.859167 0.791250 0.145000 0.062500
0 0.954167 0.947500 0.088333 0.095000
0 0.579167 0.912500 0.018333 0.165000
0 0.645833 0.962500 0.061667 0.070000
0 0.518333 0.941250 0.040000 0.112500
0 0.810833 0.928750 0.071667 0.137500