0 0.110833 0.215000 0.141667 0.060000
0 0.174167 0.193750 0.065000 0.147500
0 0.235833 0.127500 0.038333 0.190000
0 0.182500 0.035000 0.065000 0.070000
0 0.318333 0.185000 0.103333 0.155000
0 0.443333 0.161250 0.103333 0.162500
0 0.471667 0.041250 0.060000 0.082500
0 0.630000 0.247500 0.056667 0.235000
0 0.656667 0.276250 0.066667 0.162500
0 0.666667 0.138750 0.056667 0.117500
0 0.562500 0.341250 0.098333 0.132500
0 0.494167 0.328750 0.058333 0.082500
0 0.769167 0.333750 0.091667 0.187500
0 0.912500 0.441250 0.091667 0.152500
0 0.897500 0.135000 0.088333 0.110000
0 0.976667 0.133750 0.040000 0.067500
0 0.955000 0.246250 0.086667 0.122500
0 0.977500 0.332500 0.041667 0.045000
0 0.738333 0.600000 0.100000 0.160000
0 0.674167 0.590000 0.045000 0.165000
0 0.951667 0.720000 0.053333 0.220000
0 0.801667 0.792500 0.200000 0.085000
0 0.060000 0.371250 0.083333 0.072500
0 0.063333 0.438750 0.086667 0.102500
0 0.148333 0.793750 0.106667 0.147500
0 0.277500 0.870000 0.085000 0.060000
0 0.295833 0.760000 0.098333 0.105000
0 0.378333 0.598750 0.113333 0.102500
0 0.428333 0.556250 0.060000 0.167500
0 0.540000 0.525000 0.056667 0.150000
0 0.493333 0.640000 0.070000 0.100000
0 0.527500 0.687500 0.095000 0.060000
0 0.565000 0.788750 0.046667 0.177500
0 0.558333 0.852500 0.130000 0.070000
0 0.603333 0.901250 0.150000 0.052500
0 0.911667 0.932500 0.086667 0.130000
0 0.171667 0.955000 0.093333 0.085000
0 0.589167 0.473750 0.078333 0.112500