0 0.074167 0.107500 0.095000 0.090000
0 0.111667 0.176250 0.096667 0.052500
0 0.228333 0.105000 0.040000 0.170000
0 0.305833 0.131250 0.101667 0.132500
0 0.430833 0.132500 0.125000 0.195000
0 0.455000 0.022500 0.053333 0.045000
0 0.640833 0.138750 0.108333 0.172500
0 0.562500 0.320000 0.131667 0.160000
0 0.677500 0.373750 0.058333 0.132500
0 0.743333 0.443750 0.083333 0.197500
0 0.764167 0.266250 0.071667 0.162500
0 0.827500 0.287500 0.068333 0.145000
0 0.894167 0.116250 0.075000 0.112500
0 0.970000 0.206250 0.056667 0.072500
0 0.965833 0.561250 0.065000 0.097500
0 0.712500 0.695000 0.055000 0.170000
0 0.662500 0.552500 0.065000 0.165000
0 0.837500 0.783750 0.101667 0.132500
0 0.803333 0.757500 0.123333 0.045000
0 0.937500 0.911250 0.061667 0.167500
0 0.655833 0.885000 0.105000 0.135000
0 0.572500 0.868750 0.081667 0.062500
0 0.530833 0.885000 0.035000 0.130000
0 0.521667 0.797500 0.093333 0.085000
0 0.489167 0.696250 0.128333 0.112500
0 0.456667 0.737500 0.046667 0.145000
0 0.365000 0.695000 0.086667 0.200000
0 0.331667 0.763750 0.086667 0.162500
0 0.262500 0.731250 0.101667 0.107500
0 0.100000 0.716250 0.106667 0.132500
0 0.491667 0.560000 0.123333 0.160000
0 0.433333 0.397500 0.063333 0.220000
0 0.322500 0.485000 0.151667 0.070000
0 0.366667 0.566250 0.133333 0.072500
0 0.152500 0.400000 0.088333 0.215000
0 0.065833 0.298750 0.071667 0.172500
0 0.052500 0.395000 0.098333 0.115000