0 0.106667 0.100000 0.126667 0.020000
0 0.120833 0.122500 0.058333 0.190000
0 0.325000 0.102500 0.060000 0.205000
0 0.429167 0.288750 0.128333 0.122500
0 0.460833 0.380000 0.041667 0.160000
0 0.268333 0.463750 0.083333 0.127500
0 0.172500 0.507500 0.131667 0.175000
0 0.171667 0.700000 0.073333 0.160000
0 0.152500 0.813750 0.071667 0.127500
0 0.078333 0.931250 0.046667 0.127500
0 0.186667 0.920000 0.076667 0.125000
0 0.381667 0.872500 0.090000 0.215000
1 0.348333 0.631250 0.066667 0.067500
0 0.319167 0.545000 0.065000 0.060000
0 0.405000 0.546250 0.073333 0.082500
0 0.491667 0.547500 0.100000 0.095000
0 0.523333 0.630000 0.083333 0.130000
0 0.482500 0.693750 0.065000 0.172500
0 0.420000 0.665000 0.046667 0.120000
0 0.626667 0.615000 0.110000 0.065000
0 0.630833 0.672500 0.088333 0.060000
0 0.601667 0.903750 0.053333 0.187500
0 0.651667 0.896250 0.046667 0.177500
0 0.734167 0.922500 0.055000 0.150000
0 0.772500 0.668750 0.141667 0.177500
0 0.734167 0.517500 0.081667 0.145000
0 0.661667 0.511250 0.103333 0.137500
0 0.615000 0.136250 0.140000 0.032500
0 0.772500 0.092500 0.101667 0.110000
0 0.789167 0.312500 0.038333 0.220000
0 0.859167 0.352500 0.071667 0.145000
0 0.820833 0.505000 0.068333 0.105000
0 0.878333 0.482500 0.060000 0.080000
0 0.915000 0.607500 0.090000 0.125000
0 0.973333 0.722500 0.050000 0.100000
0 0.965000 0.850000 0.060000 0.080000