0 0.245833 0.066250 0.101667 0.092500
0 0.455000 0.106250 0.150000 0.092500
0 0.636667 0.108750 0.140000 0.102500
0 0.705833 0.200000 0.081667 0.100000
0 0.686667 0.356250 0.100000 0.157500
0 0.670000 0.413750 0.046667 0.232500
0 0.581667 0.360000 0.130000 0.120000
0 0.350833 0.300000 0.065000 0.120000
0 0.257500 0.287500 0.075000 0.165000
0 0.190833 0.248750 0.098333 0.097500
0 0.063333 0.226250 0.113333 0.132500
0 0.100833 0.436250 0.118333 0.162500
0 0.122500 0.573750 0.038333 0.132500
0 0.210000 0.667500 0.140000 0.160000
0 0.373333 0.493750 0.063333 0.127500
0 0.350000 0.423750 0.083333 0.062500
0 0.532500 0.542500 0.051667 0.205000
0 0.632500 0.567500 0.125000 0.045000
0 0.751667 0.598750 0.073333 0.142500
0 0.958333 0.356250 0.080000 0.152500
0 0.525833 0.713750 0.118333 0.147500
0 0.636667 0.826250 0.100000 0.102500
0 0.503333 0.871250 0.090000 0.067500
0 0.421667 0.902500 0.060000 0.090000
0 0.329167 0.670000 0.068333 0.150000
0 0.255833 0.780000 0.151667 0.060000
0 0.197500 0.856250 0.085000 0.057500
0 0.262500 0.930000 0.151667 0.110000
0 0.060833 0.813750 0.085000 0.182500
0 0.537500 0.968750 0.035000 0.057500
0 0.975000 0.893750 0.046667 0.087500
0 0.940000 0.887500 0.040000 0.120000