0 0.050000 0.065000 0.100000 0.130000
0 0.270000 0.061250 0.060000 0.107500
0 0.346667 0.165000 0.076667 0.165000
0 0.396667 0.222500 0.113333 0.155000
0 0.385833 0.067500 0.051667 0.130000
0 0.646667 0.126250 0.043333 0.167500
0 0.644167 0.102500 0.155000 0.090000
0 0.813333 0.132500 0.106667 0.145000
0 0.925000 0.165000 0.063333 0.110000
0 0.968333 0.247500 0.050000 0.055000
0 0.842500 0.348750 0.091667 0.202500
0 0.681667 0.445000 0.043333 0.240000
0 0.614167 0.368750 0.121667 0.092500
0 0.934167 0.495000 0.121667 0.080000
0 0.595833 0.371250 0.101667 0.087500
0 0.551667 0.492500 0.046667 0.095000
0 0.105833 0.440000 0.125000 0.160000
0 0.044167 0.415000 0.088333 0.130000
0 0.162500 0.626250 0.135000 0.107500
0 0.270000 0.572500 0.053333 0.165000
0 0.387500 0.700000 0.131667 0.060000
0 0.280000 0.825000 0.023333 0.135000
0 0.256667 0.788750 0.046667 0.142500
0 0.070000 0.820000 0.086667 0.175000
0 0.267500 0.933750 0.171667 0.127500
0 0.526667 0.835000 0.026667 0.150000
0 0.618333 0.823750 0.136667 0.132500
0 0.708333 0.881250 0.150000 0.082500
0 0.832500 0.932500 0.088333 0.130000
0 0.978333 0.882500 0.036667 0.050000
3 0.972500 0.793750 0.018333 0.027500
0 0.250000 0.303750 0.160000 0.132500
0 0.288333 0.711250 0.083333 0.137500
0 0.355000 0.536250 0.130000 0.172500
0 0.250000 0.477500 0.080000 0.115000