0 0.206667 0.161250 0.156667 0.112500
0 0.343333 0.143750 0.093333 0.132500
0 0.055000 0.031250 0.090000 0.062500
0 0.123333 0.030000 0.060000 0.060000
0 0.393333 0.030000 0.093333 0.060000
0 0.646667 0.085000 0.060000 0.170000
0 0.875833 0.190000 0.065000 0.115000
0 0.975833 0.116250 0.041667 0.077500
0 0.775000 0.291250 0.170000 0.077500
0 0.480000 0.230000 0.116667 0.055000
0 0.470000 0.186250 0.106667 0.082500
0 0.499167 0.398750 0.085000 0.217500
0 0.462500 0.415000 0.051667 0.150000
0 0.377500 0.452500 0.095000 0.050000
0 0.355833 0.455000 0.075000 0.105000
0 0.305000 0.473750 0.056667 0.192500
0 0.033333 0.303750 0.066667 0.032500
0 0.206667 0.468750 0.140000 0.067500
0 0.740000 0.415000 0.140000 0.065000
0 0.745833 0.363750 0.058333 0.087500
0 0.950833 0.335000 0.068333 0.120000
0 0.909167 0.460000 0.048333 0.120000
0 0.773333 0.523750 0.100000 0.112500
0 0.673333 0.543750 0.100000 0.067500
0 0.651667 0.620000 0.050000 0.100000
0 0.791667 0.622500 0.080000 0.140000
0 0.846667 0.622500 0.046667 0.145000
0 0.796667 0.745000 0.093333 0.070000
0 0.802500 0.803750 0.041667 0.117500
0 0.790833 0.891250 0.175000 0.047500
0 0.873333 0.848750 0.063333 0.232500
0 0.634167 0.756250 0.088333 0.147500
0 0.580000 0.792500 0.086667 0.105000
0 0.514167 0.857500 0.061667 0.130000
0 0.435000 0.816250 0.090000 0.092500
0 0.443333 0.563750 0.120000 0.067500
0 0.431667 0.636250 0.066667 0.112500
0 0.330000 0.592500 0.113333 0.115000
0 0.210833 0.695000 0.075000 0.170000
0 0.280833 0.882500 0.138333 0.065000
0 0.317500 0.963750 0.028333 0.067500
0 0.144167 0.915000 0.071667 0.165000
0 0.058333 0.860000 0.110000 0.100000
0 0.090000 0.620000 0.120000 0.110000
0 0.202500 0.578750 0.101667 0.087500
0 0.030833 0.630000 0.061667 0.120000