0 0.497500 0.060000 0.145000 0.085000
0 0.655833 0.095000 0.148333 0.070000
0 0.513333 0.243750 0.093333 0.152500
0 0.677500 0.425000 0.048333 0.230000
0 0.699167 0.411250 0.105000 0.092500
0 0.624167 0.372500 0.088333 0.145000
0 0.635000 0.586250 0.150000 0.072500
0 0.557500 0.545000 0.055000 0.110000
0 0.525000 0.461250 0.043333 0.167500
0 0.354167 0.487500 0.031667 0.165000
0 0.322500 0.330000 0.081667 0.160000
0 0.366667 0.301250 0.053333 0.112500
0 0.313333 0.561250 0.093333 0.157500
0 0.237500 0.690000 0.135000 0.115000
0 0.108333 0.446250 0.116667 0.167500
0 0.119167 0.662500 0.128333 0.145000
0 0.042500 0.446250 0.065000 0.157500
0 0.090000 0.868750 0.073333 0.207500
0 0.238333 0.910000 0.116667 0.100000
0 0.370833 0.892500 0.101667 0.155000
0 0.437500 0.898750 0.085000 0.137500
0 0.547500 0.673750 0.081667 0.152500
0 0.836667 0.878750 0.153333 0.117500
0 0.975000 0.881250 0.043333 0.057500
0 0.960000 0.905000 0.056667 0.130000