0 0.096667 0.146250 0.093333 0.107500
0 0.039167 0.155000 0.075000 0.050000
0 0.137500 0.027500 0.105000 0.045000
0 0.192500 0.068750 0.068333 0.087500
0 0.313333 0.033750 0.140000 0.047500
0 0.273333 0.157500 0.050000 0.175000
0 0.464167 0.091250 0.108333 0.112500
0 0.495833 0.130000 0.101667 0.100000
0 0.525000 0.203750 0.090000 0.107500
0 0.567500 0.095000 0.058333 0.160000
0 0.519167 0.015000 0.058333 0.030000
0 0.605833 0.016250 0.048333 0.032500
0 0.745000 0.107500 0.103333 0.135000
0 0.875833 0.102500 0.115000 0.155000
0 0.625000 0.233750 0.100000 0.212500
0 0.670833 0.470000 0.108333 0.200000
0 0.576667 0.421250 0.130000 0.177500
0 0.460000 0.275000 0.100000 0.150000
0 0.345000 0.371250 0.136667 0.102500
0 0.169167 0.306250 0.121667 0.092500
0 0.141667 0.363750 0.056667 0.182500
0 0.022500 0.401250 0.041667 0.207500
0 0.050833 0.720000 0.098333 0.130000
0 0.077500 0.797500 0.048333 0.195000
0 0.145833 0.777500 0.088333 0.140000
0 0.171667 0.826250 0.056667 0.157500
0 0.126667 0.956250 0.086667 0.082500
0 0.220833 0.718750 0.098333 0.147500
0 0.304167 0.678750 0.121667 0.112500
0 0.298333 0.627500 0.103333 0.165000
0 0.304167 0.615000 0.095000 0.090000
0 0.387500 0.572500 0.025000 0.180000
0 0.423333 0.513750 0.103333 0.097500
0 0.472500 0.538750 0.138333 0.067500
0 0.430000 0.643750 0.070000 0.167500
0 0.548333 0.796250 0.080000 0.127500
0 0.575833 0.763750 0.081667 0.112500
0 0.721667 0.667500 0.076667 0.125000
0 0.751667 0.685000 0.186667 0.070000
0 0.816667 0.807500 0.093333 0.070000
0 0.815833 0.903750 0.071667 0.072500
0 0.784167 0.921250 0.108333 0.147500
0 0.955833 0.945000 0.085000 0.070000
0 0.720000 0.931250 0.033333 0.122500
0 0.573333 0.923750 0.096667 0.142500