0 0.178333 0.511250 0.173333 0.137500
0 0.331667 0.540000 0.120000 0.100000
0 0.183333 0.677500 0.050000 0.145000
0 0.201667 0.181250 0.076667 0.187500
0 0.255000 0.205000 0.100000 0.095000
0 0.295833 0.068750 0.045000 0.112500
0 0.332500 0.100000 0.041667 0.180000
0 0.441667 0.282500 0.090000 0.120000
0 0.461667 0.377500 0.036667 0.125000
0 0.369167 0.378750 0.045000 0.107500
0 0.187500 0.926250 0.065000 0.142500
0 0.130000 0.812500 0.060000 0.090000
0 0.070833 0.923750 0.061667 0.147500
0 0.390000 0.900000 0.126667 0.120000
0 0.475833 0.955000 0.078333 0.075000
0 0.405000 0.135000 0.090000 0.110000
0 0.565833 0.086250 0.038333 0.172500
0 0.695833 0.091250 0.141667 0.122500
0 0.699167 0.296250 0.121667 0.117500
0 0.788333 0.307500 0.043333 0.190000
0 0.650000 0.261250 0.033333 0.177500
0 0.817500 0.042500 0.071667 0.085000
0 0.965000 0.338750 0.066667 0.157500
0 0.972500 0.483750 0.048333 0.047500
0 0.930000 0.610000 0.130000 0.180000
0 0.876667 0.767500 0.056667 0.155000
0 0.781667 0.643750 0.096667 0.187500
0 0.860000 0.536250 0.063333 0.257500
0 0.721667 0.497500 0.090000 0.175000
0 0.479167 0.565000 0.135000 0.150000
0 0.545000 0.660000 0.076667 0.160000
0 0.559167 0.746250 0.068333 0.127500
0 0.621667 0.668750 0.093333 0.082500
0 0.624167 0.611250 0.098333 0.097500
0 0.644167 0.883750 0.061667 0.192500
0 0.721667 0.818750 0.096667 0.157500
0 0.600000 0.915000 0.013333 0.165000
0 0.415833 0.777500 0.071667 0.155000
0 0.477500 0.663750 0.071667 0.132500