0 0.051667 0.046250 0.063333 0.092500
0 0.200000 0.046250 0.043333 0.087500
0 0.057500 0.188750 0.095000 0.042500
0 0.197500 0.345000 0.098333 0.135000
0 0.370000 0.307500 0.150000 0.175000
0 0.046667 0.548750 0.083333 0.157500
0 0.254167 0.646250 0.111667 0.047500
0 0.293333 0.508750 0.090000 0.227500
0 0.260000 0.852500 0.150000 0.055000
0 0.234167 0.857500 0.038333 0.140000
0 0.259167 0.832500 0.068333 0.140000
0 0.370833 0.923750 0.088333 0.147500
0 0.570833 0.798750 0.085000 0.122500
0 0.525000 0.755000 0.063333 0.070000
0 0.635000 0.548750 0.166667 0.092500
0 0.401667 0.525000 0.086667 0.190000
0 0.415000 0.595000 0.046667 0.070000
0 0.570833 0.355000 0.085000 0.220000
0 0.537500 0.161250 0.081667 0.212500
0 0.468333 0.331250 0.080000 0.127500
0 0.653333 0.152500 0.063333 0.125000
0 0.695000 0.135000 0.063333 0.150000
0 0.719167 0.293750 0.095000 0.212500
0 0.825833 0.303750 0.105000 0.082500
0 0.821667 0.461250 0.120000 0.132500
0 0.961667 0.497500 0.073333 0.080000
0 0.965000 0.618750 0.066667 0.077500
0 0.949167 0.715000 0.095000 0.150000
0 0.755833 0.578750 0.061667 0.112500
0 0.793333 0.711250 0.140000 0.162500
0 0.855833 0.868750 0.078333 0.132500
0 0.960833 0.948750 0.071667 0.077500
0 0.030833 0.322500 0.061667 0.115000
0 0.754167 0.072500 0.101667 0.145000
0 0.943333 0.133750 0.086667 0.242500
0 0.955000 0.435000 0.063333 0.095000
0 0.879167 0.055000 0.138333 0.110000