0 0.312500 0.053750 0.131667 0.057500
0 0.130000 0.076250 0.060000 0.127500
0 0.128333 0.225000 0.023333 0.130000
0 0.077500 0.201250 0.071667 0.102500
0 0.321667 0.125000 0.046667 0.100000
0 0.370000 0.222500 0.113333 0.050000
0 0.539167 0.131250 0.051667 0.147500
0 0.790000 0.037500 0.076667 0.075000
0 0.963333 0.137500 0.063333 0.115000
1 0.901667 0.067500 0.040000 0.060000
0 0.231667 0.298750 0.073333 0.137500
0 0.268333 0.356250 0.096667 0.052500
0 0.540000 0.312500 0.160000 0.035000
0 0.508333 0.087500 0.100000 0.175000
0 0.654167 0.416250 0.021667 0.112500
0 0.525833 0.426250 0.101667 0.052500
0 0.551667 0.448750 0.066667 0.107500
0 0.605833 0.518750 0.078333 0.112500
0 0.595833 0.438750 0.045000 0.077500
0 0.705000 0.516250 0.103333 0.182500
0 0.778333 0.423750 0.033333 0.172500
0 0.842500 0.445000 0.111667 0.100000
0 0.830833 0.538750 0.065000 0.177500
0 0.821667 0.745000 0.126667 0.075000
0 0.905833 0.915000 0.055000 0.155000
0 0.781667 0.923750 0.063333 0.142500
0 0.751667 0.963750 0.046667 0.067500
0 0.702500 0.977500 0.068333 0.015000
0 0.649167 0.823750 0.121667 0.152500
0 0.466667 0.906250 0.120000 0.137500
0 0.315833 0.697500 0.061667 0.200000
0 0.387500 0.517500 0.055000 0.145000
0 0.381667 0.420000 0.096667 0.140000
0 0.434167 0.348750 0.088333 0.107500
0 0.336667 0.571250 0.120000 0.042500
1 0.285833 0.497500 0.055000 0.085000
0 0.155833 0.475000 0.105000 0.155000
0 0.240000 0.410000 0.120000 0.135000
0 0.169167 0.726250 0.151667 0.122500
0 0.248333 0.711250 0.090000 0.162500
0 0.032500 0.766250 0.065000 0.072500
0 0.090833 0.957500 0.095000 0.080000
0 0.225000 0.958750 0.043333 0.072500