0 0.156667 0.065000 0.153333 0.065000
0 0.030833 0.228750 0.061667 0.077500
0 0.040833 0.391250 0.078333 0.112500
0 0.097500 0.438750 0.115000 0.152500
0 0.220000 0.491250 0.066667 0.102500
0 0.259167 0.427500 0.095000 0.090000
0 0.315000 0.371250 0.070000 0.102500
0 0.291667 0.286250 0.083333 0.072500
0 0.233333 0.262500 0.073333 0.165000
0 0.463333 0.072500 0.140000 0.085000
0 0.697500 0.137500 0.075000 0.045000
0 0.606667 0.112500 0.103333 0.115000
0 0.925833 0.102500 0.131667 0.090000
0 0.974167 0.397500 0.048333 0.180000
0 0.588333 0.358750 0.113333 0.082500
0 0.669167 0.411250 0.025000 0.232500
0 0.734167 0.507500 0.078333 0.215000
0 0.673333 0.381250 0.053333 0.082500
0 0.575833 0.615000 0.071667 0.070000
0 0.337500 0.456250 0.065000 0.077500
0 0.535000 0.516250 0.063333 0.157500
0 0.393333 0.567500 0.103333 0.110000
0 0.556667 0.720000 0.113333 0.160000
0 0.605833 0.818750 0.151667 0.117500
0 0.328333 0.682500 0.073333 0.130000
0 0.257500 0.625000 0.081667 0.070000
0 0.225000 0.770000 0.053333 0.160000
0 0.138333 0.657500 0.076667 0.105000
0 0.062500 0.805000 0.088333 0.170000
0 0.245833 0.937500 0.115000 0.115000
0 0.402500 0.865000 0.115000 0.110000
0 0.441667 0.963750 0.053333 0.062500
0 0.976667 0.892500 0.043333 0.085000
0 0.929167 0.871250 0.065000 0.137500