0 0.095833 0.388750 0.095000 0.057500
0 0.116667 0.512500 0.033333 0.180000
0 0.140000 0.683750 0.110000 0.157500
0 0.198333 0.611250 0.086667 0.157500
0 0.213333 0.490000 0.110000 0.100000
0 0.207500 0.392500 0.041667 0.160000
0 0.288333 0.265000 0.080000 0.180000
0 0.352500 0.372500 0.131667 0.050000
0 0.452500 0.382500 0.065000 0.145000
0 0.492500 0.408750 0.081667 0.057500
0 0.544167 0.435000 0.108333 0.065000
0 0.519167 0.188750 0.158333 0.077500
0 0.586667 0.216250 0.080000 0.097500
0 0.575833 0.118750 0.068333 0.082500
0 0.670000 0.196250 0.070000 0.122500
0 0.765000 0.212500 0.080000 0.090000
0 0.785833 0.145000 0.051667 0.110000
0 0.846667 0.056250 0.076667 0.107500
0 0.950000 0.041250 0.083333 0.037500
0 0.808333 0.222500 0.053333 0.125000
0 0.948333 0.236250 0.093333 0.167500
0 0.807500 0.363750 0.078333 0.187500
0 0.787500 0.361250 0.111667 0.082500
0 0.853333 0.460000 0.096667 0.100000
0 0.683333 0.470000 0.070000 0.120000
0 0.697500 0.468750 0.118333 0.097500
0 0.605000 0.525000 0.080000 0.135000
0 0.409167 0.665000 0.061667 0.130000
0 0.298333 0.745000 0.080000 0.175000
0 0.178333 0.928750 0.093333 0.137500
0 0.345833 0.918750 0.091667 0.137500
0 0.554167 0.903750 0.065000 0.092500
0 0.625833 0.815000 0.111667 0.030000
0 0.655000 0.891250 0.070000 0.122500
0 0.728333 0.781250 0.100000 0.102500
0 0.764167 0.895000 0.101667 0.115000
0 0.801667 0.746250 0.086667 0.152500
0 0.916667 0.766250 0.123333 0.087500
0 0.877500 0.618750 0.088333 0.137500
0 0.452500 0.875000 0.101667 0.100000