0 0.086667 0.205000 0.093333 0.140000
0 0.130833 0.081250 0.105000 0.082500
0 0.143333 0.155000 0.096667 0.055000
0 0.147500 0.217500 0.051667 0.110000
0 0.118333 0.282500 0.103333 0.045000
0 0.223333 0.221250 0.096667 0.072500
0 0.211667 0.055000 0.093333 0.105000
0 0.456667 0.080000 0.096667 0.140000
0 0.545833 0.052500 0.091667 0.100000
0 0.448333 0.263750 0.076667 0.082500
0 0.510000 0.275000 0.070000 0.130000
0 0.547500 0.278750 0.071667 0.062500
0 0.582500 0.258750 0.068333 0.067500
0 0.644167 0.262500 0.095000 0.105000
0 0.571667 0.346250 0.106667 0.137500
0 0.670000 0.325000 0.023333 0.100000
0 0.688333 0.387500 0.033333 0.155000
0 0.704167 0.550000 0.051667 0.120000
0 0.702500 0.625000 0.128333 0.050000
0 0.825000 0.352500 0.100000 0.120000
0 0.878333 0.103750 0.106667 0.132500
0 0.536667 0.512500 0.150000 0.085000
0 0.484167 0.645000 0.038333 0.150000
0 0.511667 0.678750 0.093333 0.072500
0 0.550833 0.768750 0.088333 0.102500
0 0.620833 0.823750 0.095000 0.122500
0 0.546667 0.856250 0.070000 0.202500
0 0.465833 0.786250 0.088333 0.077500
0 0.402500 0.788750 0.061667 0.177500
0 0.398333 0.948750 0.120000 0.082500
0 0.328333 0.921250 0.046667 0.152500
0 0.271667 0.871250 0.040000 0.072500
0 0.275833 0.686250 0.128333 0.207500
0 0.276667 0.513750 0.063333 0.142500
0 0.315833 0.421250 0.085000 0.187500
0 0.193333 0.495000 0.033333 0.140000
0 0.185833 0.506250 0.128333 0.042500
0 0.108333 0.531250 0.100000 0.062500
0 0.072500 0.546250 0.015000 0.167500
0 0.105000 0.410000 0.143333 0.045000
0 0.035000 0.498750 0.033333 0.182500
0 0.099167 0.927500 0.148333 0.140000
0 0.937500 0.826250 0.108333 0.252500
0 0.945000 0.918750 0.066667 0.057500
0 0.950833 0.952500 0.085000 0.085000
0 0.749167 0.970000 0.058333 0.050000
0 0.815000 0.941250 0.073333 0.112500