0 0.200833 0.078750 0.151667 0.102500
0 0.058333 0.153750 0.056667 0.212500
0 0.136667 0.346250 0.113333 0.127500
0 0.095000 0.507500 0.080000 0.105000
0 0.186667 0.533750 0.076667 0.132500
0 0.072500 0.606250 0.075000 0.067500
0 0.040000 0.630000 0.070000 0.055000
0 0.112500 0.685000 0.091667 0.170000
0 0.015833 0.700000 0.028333 0.080000
0 0.281667 0.516250 0.076667 0.167500
0 0.331667 0.313750 0.150000 0.177500
0 0.456667 0.260000 0.103333 0.080000
0 0.489167 0.147500 0.091667 0.160000
0 0.538333 0.043750 0.080000 0.087500
0 0.754167 0.186250 0.155000 0.087500
0 0.691667 0.197500 0.056667 0.075000
0 0.767500 0.195000 0.055000 0.170000
0 0.830833 0.311250 0.248333 0.042500
0 0.798333 0.402500 0.086667 0.095000
0 0.703333 0.498750 0.090000 0.117500
0 0.787500 0.550000 0.091667 0.100000
0 0.566667 0.485000 0.093333 0.105000
0 0.625000 0.550000 0.073333 0.110000
0 0.738333 0.722500 0.040000 0.215000
0 0.799167 0.692500 0.058333 0.120000
0 0.480833 0.638750 0.055000 0.097500
0 0.427500 0.715000 0.028333 0.170000
0 0.438333 0.556250 0.113333 0.212500
0 0.526667 0.683750 0.050000 0.062500
0 0.461667 0.773750 0.093333 0.157500
0 0.481667 0.851250 0.090000 0.112500
0 0.270000 0.895000 0.130000 0.100000
0 0.598333 0.770000 0.060000 0.190000
0 0.960833 0.686250 0.071667 0.052500
0 0.928333 0.311250 0.120000 0.062500
0 0.848333 0.768750 0.053333 0.117500
0 0.854167 0.775000 0.055000 0.205000
0 0.805000 0.872500 0.043333 0.115000
0 0.780000 0.862500 0.036667 0.105000
0 0.738333 0.955000 0.056667 0.075000