0 0.062500 0.085000 0.031667 0.125000
0 0.016667 0.050000 0.016667 0.100000
0 0.029167 0.202500 0.045000 0.095000
0 0.013333 0.275000 0.023333 0.115000
0 0.061667 0.346250 0.033333 0.152500
0 0.189167 0.147500 0.078333 0.070000
0 0.198333 0.183750 0.026667 0.087500
0 0.280833 0.085000 0.115000 0.115000
0 0.485833 0.095000 0.138333 0.080000
0 0.278333 0.266250 0.103333 0.072500
0 0.450833 0.188750 0.038333 0.122500
0 0.458333 0.385000 0.083333 0.090000
0 0.322500 0.376250 0.098333 0.067500
0 0.253333 0.400000 0.043333 0.140000
0 0.663333 0.306250 0.130000 0.117500
0 0.665833 0.177500 0.121667 0.085000
0 0.774167 0.105000 0.061667 0.070000
0 0.864167 0.145000 0.121667 0.130000
0 0.911667 0.092500 0.040000 0.140000
0 0.960000 0.171250 0.030000 0.202500
0 0.912500 0.452500 0.115000 0.070000
0 0.915833 0.506250 0.095000 0.052500
0 0.635000 0.532500 0.086667 0.065000
0 0.591667 0.556250 0.053333 0.122500
0 0.401667 0.605000 0.126667 0.070000
0 0.675000 0.715000 0.046667 0.200000
0 0.975000 0.391250 0.046667 0.102500
0 0.800000 0.688750 0.063333 0.122500
0 0.815000 0.922500 0.073333 0.150000
0 0.950000 0.956250 0.070000 0.082500
0 0.645000 0.962500 0.120000 0.065000
0 0.549167 0.788750 0.038333 0.087500
0 0.515000 0.785000 0.046667 0.070000
0 0.514167 0.728750 0.048333 0.082500
0 0.431667 0.768750 0.063333 0.087500
0 0.463333 0.860000 0.103333 0.085000
0 0.453333 0.948750 0.080000 0.067500
0 0.373333 0.742500 0.060000 0.080000
0 0.205833 0.781250 0.045000 0.097500
0 0.245833 0.821250 0.051667 0.112500
0 0.285000 0.906250 0.073333 0.077500