0 0.287500 0.056250 0.138333 0.062500
0 0.297500 0.078750 0.051667 0.147500
0 0.199167 0.146250 0.101667 0.097500
0 0.249167 0.165000 0.075000 0.090000
0 0.161667 0.245000 0.100000 0.075000
0 0.186667 0.325000 0.053333 0.150000
0 0.126667 0.345000 0.073333 0.130000
0 0.033333 0.418750 0.063333 0.112500
0 0.070000 0.190000 0.126667 0.120000
0 0.483333 0.162500 0.060000 0.185000
0 0.443333 0.025000 0.053333 0.050000
0 0.670000 0.038750 0.080000 0.077500
0 0.623333 0.083750 0.056667 0.092500
0 0.773333 0.172500 0.050000 0.185000
0 0.895000 0.110000 0.130000 0.115000
0 0.900833 0.263750 0.061667 0.147500
0 0.869167 0.321250 0.048333 0.162500
0 0.831667 0.286250 0.070000 0.132500
0 0.728333 0.416250 0.063333 0.192500
0 0.600833 0.218750 0.088333 0.197500
0 0.563333 0.271250 0.053333 0.182500
0 0.367500 0.327500 0.101667 0.080000
0 0.241667 0.461250 0.130000 0.127500
0 0.427500 0.511250 0.125000 0.127500
0 0.518333 0.448750 0.126667 0.082500
0 0.532500 0.543750 0.075000 0.127500
0 0.624167 0.542500 0.111667 0.165000
0 0.431667 0.553750 0.050000 0.047500
0 0.402500 0.582500 0.108333 0.055000
0 0.379167 0.661250 0.028333 0.142500
0 0.342500 0.695000 0.041667 0.090000
0 0.959167 0.685000 0.078333 0.055000
0 0.975000 0.422500 0.046667 0.095000