0 0.228333 0.181250 0.113333 0.137500
0 0.209167 0.270000 0.075000 0.140000
0 0.156667 0.073750 0.093333 0.147500
0 0.318333 0.093750 0.040000 0.187500
0 0.415833 0.177500 0.165000 0.060000
0 0.442500 0.308750 0.118333 0.157500
0 0.521667 0.348750 0.073333 0.167500
0 0.133333 0.493750 0.050000 0.167500
0 0.100000 0.661250 0.083333 0.072500
0 0.181667 0.731250 0.086667 0.122500
0 0.098333 0.746250 0.086667 0.102500
0 0.031667 0.846250 0.050000 0.152500
0 0.115833 0.913750 0.115000 0.162500
0 0.289167 0.723750 0.058333 0.202500
0 0.303333 0.502500 0.136667 0.135000
0 0.416667 0.488750 0.136667 0.162500
0 0.430833 0.598750 0.078333 0.152500
0 0.586667 0.525000 0.090000 0.050000
0 0.547500 0.542500 0.071667 0.065000
0 0.520833 0.480000 0.085000 0.140000
0 0.603333 0.245000 0.066667 0.230000
0 0.678333 0.386250 0.120000 0.122500
0 0.717500 0.482500 0.091667 0.135000
0 0.705833 0.602500 0.095000 0.100000
0 0.665000 0.613750 0.056667 0.102500
0 0.655833 0.735000 0.061667 0.150000
0 0.643333 0.867500 0.076667 0.170000
0 0.491667 0.810000 0.093333 0.155000
0 0.547500 0.927500 0.075000 0.135000
0 0.872500 0.786250 0.171667 0.112500
0 0.885833 0.693750 0.068333 0.147500
0 0.891667 0.538750 0.093333 0.157500
0 0.843333 0.300000 0.090000 0.145000
0 0.961667 0.282500 0.073333 0.085000
0 0.774167 0.358750 0.048333 0.117500
0 0.820833 0.466250 0.038333 0.207500
0 0.791667 0.583750 0.066667 0.077500
0 0.777500 0.605000 0.035000 0.130000