0 0.036667 0.060000 0.073333 0.060000
0 0.155833 0.035000 0.121667 0.065000
0 0.166667 0.162500 0.140000 0.105000
0 0.354167 0.152500 0.075000 0.065000
0 0.338333 0.237500 0.033333 0.205000
0 0.335833 0.233750 0.125000 0.122500
0 0.455000 0.171250 0.133333 0.062500
0 0.443333 0.303750 0.056667 0.197500
0 0.471667 0.473750 0.063333 0.112500
0 0.470000 0.500000 0.106667 0.045000
0 0.485833 0.557500 0.048333 0.075000
0 0.426667 0.622500 0.073333 0.100000
0 0.506667 0.712500 0.060000 0.235000
0 0.450000 0.706250 0.086667 0.132500
0 0.401667 0.836250 0.116667 0.112500
0 0.282500 0.681250 0.081667 0.202500
0 0.193333 0.591250 0.063333 0.107500
0 0.105000 0.641250 0.170000 0.147500
0 0.016667 0.668750 0.033333 0.177500
0 0.231667 0.946250 0.096667 0.057500
0 0.205833 0.931250 0.065000 0.132500
0 0.650833 0.868750 0.068333 0.167500
0 0.651667 0.525000 0.090000 0.130000
0 0.599167 0.427500 0.048333 0.225000
0 0.589167 0.381250 0.145000 0.087500
0 0.677500 0.313750 0.038333 0.177500
0 0.781667 0.240000 0.140000 0.075000
0 0.746667 0.136250 0.180000 0.067500
0 0.850000 0.238750 0.106667 0.132500
0 0.895000 0.360000 0.073333 0.180000
0 0.955833 0.217500 0.071667 0.135000
0 0.750833 0.453750 0.118333 0.152500
0 0.815833 0.555000 0.108333 0.055000
0 0.822500 0.632500 0.118333 0.105000
0 0.855833 0.725000 0.068333 0.065000
0 0.785833 0.825000 0.095000 0.160000
0 0.835000 0.900000 0.060000 0.165000
0 0.895833 0.761250 0.065000 0.237500
0 0.968333 0.786250 0.040000 0.177500
0 0.727500 0.100000 0.045000 0.160000
0 0.650833 0.052500 0.108333 0.095000
0 0.885833 0.035000 0.061667 0.070000