0 0.079167 0.131250 0.141667 0.127500
0 0.295000 0.205000 0.140000 0.100000
0 0.218333 0.081250 0.066667 0.157500
0 0.294167 0.085000 0.078333 0.110000
0 0.406667 0.076250 0.126667 0.147500
0 0.619167 0.113750 0.071667 0.172500
0 0.708333 0.212500 0.100000 0.220000
0 0.752500 0.240000 0.078333 0.170000
0 0.865833 0.230000 0.071667 0.135000
0 0.966667 0.201250 0.063333 0.122500
0 0.885833 0.112500 0.085000 0.120000
0 0.775833 0.498750 0.078333 0.162500
0 0.788333 0.630000 0.080000 0.145000
0 0.739167 0.695000 0.185000 0.130000
0 0.700000 0.388750 0.070000 0.142500
0 0.711667 0.570000 0.076667 0.125000
0 0.640833 0.538750 0.078333 0.177500
0 0.574167 0.611250 0.118333 0.102500
0 0.575833 0.436250 0.101667 0.097500
0 0.568333 0.281250 0.146667 0.192500
0 0.472500 0.285000 0.065000 0.060000
0 0.424167 0.320000 0.058333 0.200000
0 0.473333 0.490000 0.133333 0.160000
0 0.370000 0.531250 0.090000 0.122500
0 0.047500 0.371250 0.088333 0.132500
0 0.115833 0.578750 0.065000 0.142500
0 0.222500 0.538750 0.105000 0.157500
0 0.091667 0.692500 0.100000 0.105000
0 0.236667 0.801250 0.110000 0.177500
0 0.314167 0.881250 0.065000 0.222500
0 0.351667 0.682500 0.086667 0.175000
0 0.430833 0.888750 0.058333 0.217500
0 0.474167 0.795000 0.058333 0.165000
0 0.511667 0.791250 0.040000 0.087500
0 0.587500 0.751250 0.078333 0.152500
0 0.577500 0.777500 0.125000 0.095000
0 0.660000 0.885000 0.083333 0.220000
0 0.810000 0.873750 0.053333 0.127500
0 0.791667 0.948750 0.093333 0.082500
0 0.935833 0.948750 0.065000 0.097500