0 0.059167 0.333750 0.081667 0.092500
0 0.027500 0.337500 0.051667 0.050000
0 0.055833 0.263750 0.078333 0.052500
0 0.017500 0.202500 0.021667 0.075000
0 0.059167 0.202500 0.038333 0.075000
0 0.088333 0.115000 0.053333 0.105000
0 0.152500 0.115000 0.091667 0.110000
0 0.320833 0.091250 0.028333 0.142500
0 0.367500 0.195000 0.128333 0.055000
0 0.551667 0.112500 0.053333 0.085000
0 0.525000 0.216250 0.053333 0.117500
0 0.472500 0.085000 0.065000 0.165000
0 0.780833 0.038750 0.065000 0.077500
0 0.740000 0.203750 0.063333 0.127500
0 0.715833 0.497500 0.078333 0.175000
0 0.645000 0.457500 0.056667 0.205000
0 0.604167 0.312500 0.085000 0.095000
0 0.536667 0.428750 0.100000 0.117500
0 0.496667 0.431250 0.063333 0.117500
0 0.446667 0.486250 0.073333 0.087500
0 0.466667 0.545000 0.103333 0.130000
0 0.367500 0.405000 0.095000 0.090000
0 0.386667 0.486250 0.046667 0.132500
0 0.380833 0.263750 0.161667 0.077500
0 0.256667 0.427500 0.150000 0.045000
0 0.168333 0.490000 0.130000 0.070000
0 0.225000 0.506250 0.053333 0.072500
0 0.144167 0.453750 0.088333 0.137500
0 0.110833 0.385000 0.051667 0.060000
0 0.210833 0.750000 0.131667 0.115000
0 0.333333 0.826250 0.083333 0.192500
0 0.451667 0.912500 0.083333 0.165000
0 0.635833 0.800000 0.111667 0.145000
0 0.793333 0.902500 0.076667 0.190000
0 0.781667 0.666250 0.100000 0.122500
0 0.906667 0.810000 0.116667 0.085000
0 0.912500 0.865000 0.035000 0.110000
0 0.932500 0.363750 0.108333 0.092500
0 0.970000 0.493750 0.050000 0.162500
0 0.861667 0.492500 0.136667 0.185000
0 0.775833 0.426250 0.071667 0.227500
0 0.230833 0.935000 0.071667 0.115000
0 0.057500 0.903750 0.111667 0.162500
1 0.870000 0.046250 0.050000 0.067500