0 0.144167 0.082500 0.128333 0.105000
0 0.458333 0.105000 0.113333 0.210000
0 0.633333 0.143750 0.183333 0.112500
0 0.673333 0.390000 0.083333 0.175000
0 0.669167 0.380000 0.121667 0.120000
0 0.627500 0.501250 0.111667 0.057500
0 0.589167 0.578750 0.068333 0.177500
0 0.354167 0.456250 0.091667 0.187500
0 0.395833 0.720000 0.108333 0.200000
0 0.247500 0.640000 0.141667 0.100000
0 0.181667 0.516250 0.110000 0.107500
0 0.093333 0.472500 0.130000 0.175000
0 0.068333 0.420000 0.050000 0.125000
0 0.062500 0.242500 0.101667 0.160000
0 0.950833 0.603750 0.088333 0.112500
0 0.819167 0.732500 0.131667 0.125000
0 0.618333 0.828750 0.196667 0.137500
0 0.206667 0.868750 0.093333 0.122500
0 0.087500 0.867500 0.141667 0.060000
0 0.065000 0.935000 0.120000 0.125000
0 0.088333 0.798750 0.113333 0.057500
0 0.274167 0.926250 0.161667 0.107500
0 0.525833 0.967500 0.048333 0.055000
0 0.984167 0.867500 0.028333 0.035000
0 0.983333 0.905000 0.023333 0.130000