0 0.106667 0.027500 0.103333 0.045000
0 0.360000 0.030000 0.140000 0.040000
0 0.254167 0.082500 0.155000 0.080000
0 0.208333 0.160000 0.083333 0.060000
0 0.249167 0.248750 0.125000 0.112500
0 0.168333 0.255000 0.090000 0.040000
0 0.133333 0.172500 0.086667 0.115000
0 0.082500 0.205000 0.095000 0.095000
0 0.066667 0.161250 0.073333 0.102500
0 0.430000 0.180000 0.093333 0.140000
0 0.498333 0.083750 0.133333 0.107500
0 0.786667 0.185000 0.150000 0.095000
0 0.860000 0.152500 0.126667 0.085000
0 0.868333 0.372500 0.133333 0.095000
0 0.828333 0.468750 0.133333 0.062500
0 0.718333 0.628750 0.056667 0.222500
0 0.675833 0.495000 0.058333 0.140000
0 0.724167 0.495000 0.125000 0.095000
0 0.643333 0.616250 0.053333 0.167500
0 0.663333 0.743750 0.130000 0.072500
0 0.493333 0.442500 0.150000 0.095000
0 0.387500 0.421250 0.088333 0.207500
0 0.426667 0.626250 0.150000 0.117500
0 0.064167 0.512500 0.035000 0.185000
0 0.190000 0.515000 0.040000 0.170000
0 0.218333 0.501250 0.056667 0.077500
0 0.250833 0.538750 0.041667 0.122500
0 0.250833 0.657500 0.055000 0.125000
0 0.256667 0.693750 0.073333 0.092500
0 0.177500 0.672500 0.088333 0.110000
0 0.110833 0.723750 0.055000 0.162500
0 0.560833 0.832500 0.171667 0.090000
0 0.584167 0.931250 0.078333 0.112500
0 0.670000 0.962500 0.080000 0.070000
0 0.814167 0.925000 0.075000 0.145000
0 0.912500 0.876250 0.071667 0.202500
0 0.936667 0.757500 0.120000 0.105000
0 0.935833 0.540000 0.121667 0.060000
0 0.505000 0.940000 0.046667 0.110000
0 0.145833 0.920000 0.065000 0.155000
0 0.283333 0.952500 0.050000 0.075000
0 0.329167 0.976250 0.051667 0.042500