0 0.210833 0.086250 0.155000 0.062500
0 0.209167 0.118750 0.048333 0.147500
0 0.175000 0.231250 0.113333 0.062500
0 0.240000 0.338750 0.080000 0.242500
0 0.053333 0.293750 0.103333 0.112500
0 0.046667 0.165000 0.093333 0.115000
0 0.353333 0.313750 0.106667 0.192500
0 0.456667 0.211250 0.046667 0.087500
0 0.479167 0.243750 0.071667 0.107500
0 0.457500 0.420000 0.048333 0.240000
0 0.063333 0.605000 0.086667 0.090000
0 0.095833 0.686250 0.038333 0.072500
0 0.051667 0.763750 0.083333 0.107500
0 0.162500 0.615000 0.151667 0.060000
0 0.271667 0.582500 0.096667 0.165000
0 0.244167 0.722500 0.115000 0.095000
0 0.264167 0.810000 0.128333 0.060000
0 0.243333 0.847500 0.113333 0.035000
0 0.426667 0.617500 0.113333 0.140000
0 0.518333 0.503750 0.056667 0.172500
0 0.562500 0.552500 0.055000 0.145000
0 0.640000 0.580000 0.083333 0.070000
0 0.461667 0.773750 0.133333 0.047500
0 0.442500 0.853750 0.048333 0.127500
0 0.505000 0.822500 0.036667 0.045000
0 0.684167 0.753750 0.078333 0.147500
0 0.713333 0.695000 0.106667 0.095000
0 0.790000 0.781250 0.070000 0.077500
0 0.746667 0.771250 0.040000 0.062500
0 0.750000 0.847500 0.076667 0.095000
0 0.890000 0.751250 0.090000 0.097500
0 0.845000 0.845000 0.080000 0.105000
0 0.899167 0.898750 0.121667 0.067500
0 0.808333 0.958750 0.063333 0.077500
0 0.255000 0.980000 0.053333 0.035000
0 0.957500 0.460000 0.055000 0.100000
0 0.927500 0.595000 0.101667 0.110000
0 0.736667 0.531250 0.110000 0.062500
0 0.767500 0.586250 0.078333 0.067500
0 0.878333 0.303750 0.090000 0.122500
0 0.740833 0.205000 0.101667 0.090000
0 0.734167 0.260000 0.065000 0.100000
0 0.765833 0.362500 0.145000 0.060000
0 0.651667 0.226250 0.070000 0.117500
0 0.750000 0.086250 0.073333 0.107500
0 0.909167 0.133750 0.105000 0.057500
0 0.795833 0.247500 0.058333 0.070000