0 0.525000 0.030000 0.040000 0.060000
0 0.214167 0.093750 0.145000 0.042500
0 0.183333 0.190000 0.056667 0.120000
0 0.102500 0.258750 0.135000 0.047500
0 0.025000 0.256250 0.026667 0.187500
0 0.351667 0.307500 0.106667 0.170000
0 0.218333 0.421250 0.093333 0.162500
0 0.460833 0.190000 0.078333 0.120000
0 0.465000 0.270000 0.073333 0.100000
0 0.680833 0.253750 0.088333 0.127500
0 0.758333 0.211250 0.143333 0.097500
0 0.764167 0.087500 0.088333 0.175000
0 0.717500 0.046250 0.051667 0.092500
0 0.925833 0.093750 0.118333 0.047500
0 0.755000 0.345000 0.123333 0.030000
0 0.751667 0.352500 0.053333 0.095000
0 0.825000 0.283750 0.080000 0.087500
0 0.950833 0.530000 0.071667 0.165000
0 0.847500 0.633750 0.085000 0.097500
0 0.740833 0.516250 0.128333 0.127500
0 0.620833 0.527500 0.091667 0.145000
0 0.512500 0.552500 0.048333 0.185000
0 0.581667 0.618750 0.053333 0.167500
0 0.543333 0.747500 0.050000 0.175000
0 0.735833 0.713750 0.135000 0.052500
0 0.696667 0.811250 0.050000 0.127500
0 0.758333 0.835000 0.080000 0.090000
0 0.781667 0.872500 0.043333 0.100000
0 0.853333 0.823750 0.103333 0.167500
0 0.832500 0.768750 0.058333 0.122500
0 0.487500 0.923750 0.041667 0.142500
0 0.464167 0.797500 0.055000 0.175000
0 0.425000 0.813750 0.096667 0.077500
0 0.300000 0.758750 0.123333 0.097500
0 0.438333 0.611250 0.086667 0.142500
0 0.260833 0.653750 0.108333 0.087500
0 0.288333 0.538750 0.073333 0.127500
0 0.198333 0.750000 0.100000 0.115000
0 0.287500 0.936250 0.091667 0.112500
0 0.086667 0.702500 0.096667 0.200000
0 0.067500 0.610000 0.081667 0.080000
0 0.067500 0.972500 0.028333 0.045000
0 0.020000 0.542500 0.036667 0.035000