0 0.351667 0.028750 0.026667 0.057500
0 0.458333 0.138750 0.076667 0.127500
0 0.175000 0.072500 0.116667 0.135000
0 0.028333 0.217500 0.056667 0.035000
0 0.118333 0.623750 0.083333 0.197500
0 0.196667 0.627500 0.113333 0.060000
0 0.105000 0.455000 0.103333 0.155000
0 0.055000 0.442500 0.040000 0.175000
0 0.077500 0.790000 0.081667 0.080000
0 0.269167 0.700000 0.058333 0.120000
0 0.238333 0.778750 0.116667 0.102500
0 0.118333 0.915000 0.113333 0.110000
0 0.077500 0.868750 0.151667 0.082500
0 0.276667 0.926250 0.180000 0.117500
0 0.479167 0.857500 0.125000 0.180000
0 0.897500 0.722500 0.138333 0.085000
0 0.685000 0.446250 0.060000 0.242500
0 0.618333 0.305000 0.123333 0.125000
0 0.651667 0.113750 0.110000 0.067500
0 0.345000 0.365000 0.106667 0.130000
0 0.552500 0.481250 0.161667 0.062500
0 0.593333 0.597500 0.046667 0.205000
0 0.494167 0.620000 0.071667 0.200000