0 0.155000 0.193750 0.110000 0.162500
0 0.285833 0.317500 0.108333 0.110000
0 0.606667 0.106250 0.113333 0.132500
0 0.670833 0.097500 0.138333 0.065000
0 0.379167 0.317500 0.081667 0.165000
0 0.571667 0.355000 0.150000 0.150000
0 0.605833 0.338750 0.091667 0.162500
0 0.908333 0.247500 0.150000 0.090000
0 0.796667 0.333750 0.136667 0.082500
0 0.680000 0.428750 0.060000 0.237500
0 0.961667 0.573750 0.070000 0.077500
0 0.945000 0.626250 0.106667 0.087500
0 0.555000 0.542500 0.040000 0.145000
0 0.353333 0.581250 0.070000 0.127500
0 0.310833 0.693750 0.108333 0.072500
0 0.339167 0.836250 0.058333 0.127500
0 0.268333 0.816250 0.043333 0.147500
0 0.307500 0.796250 0.101667 0.112500
0 0.520000 0.720000 0.080000 0.160000
0 0.675000 0.863750 0.130000 0.037500
0 0.245000 0.943750 0.123333 0.102500
0 0.090000 0.821250 0.106667 0.152500
0 0.040833 0.883750 0.065000 0.052500
0 0.981667 0.860000 0.033333 0.040000
0 0.870833 0.833750 0.151667 0.107500
0 0.200833 0.557500 0.115000 0.170000
0 0.144167 0.585000 0.055000 0.195000
0 0.100833 0.442500 0.115000 0.175000
0 0.069167 0.442500 0.088333 0.145000
0 0.050000 0.416250 0.096667 0.157500
0 0.639167 0.790000 0.128333 0.115000