0 0.095000 0.038750 0.016667 0.077500
0 0.081667 0.031250 0.020000 0.062500
0 0.028333 0.131250 0.033333 0.097500
0 0.073333 0.130000 0.050000 0.100000
0 0.041667 0.237500 0.040000 0.135000
0 0.013333 0.261250 0.023333 0.042500
0 0.235000 0.125000 0.123333 0.130000
0 0.304167 0.070000 0.108333 0.100000
0 0.420833 0.081250 0.048333 0.142500
0 0.490000 0.093750 0.103333 0.047500
0 0.556667 0.087500 0.056667 0.145000
0 0.690833 0.178750 0.095000 0.107500
0 0.714167 0.287500 0.128333 0.055000
0 0.920833 0.116250 0.035000 0.097500
0 0.857500 0.151250 0.115000 0.077500
0 0.878333 0.055000 0.040000 0.110000
0 0.910833 0.435000 0.135000 0.060000
0 0.938333 0.501250 0.106667 0.067500
0 0.887500 0.621250 0.115000 0.102500
0 0.825833 0.648750 0.128333 0.062500
0 0.674167 0.492500 0.118333 0.135000
0 0.665000 0.671250 0.063333 0.157500
0 0.595000 0.555000 0.046667 0.080000
0 0.518333 0.393750 0.100000 0.072500
0 0.342500 0.402500 0.131667 0.075000
0 0.263333 0.256250 0.030000 0.107500
0 0.237500 0.456250 0.095000 0.192500
0 0.406667 0.611250 0.103333 0.112500
0 0.505833 0.676250 0.051667 0.127500
0 0.536667 0.807500 0.023333 0.145000
0 0.531667 0.818750 0.106667 0.097500
0 0.434167 0.807500 0.095000 0.070000
0 0.365833 0.701250 0.105000 0.117500
0 0.273333 0.658750 0.103333 0.122500
0 0.235000 0.737500 0.046667 0.120000
0 0.202500 0.776250 0.061667 0.067500
0 0.159167 0.892500 0.091667 0.070000
0 0.280833 0.946250 0.058333 0.102500
0 0.405000 0.918750 0.106667 0.102500
0 0.544167 0.970000 0.095000 0.055000
0 0.808333 0.926250 0.073333 0.142500
0 0.945833 0.953750 0.081667 0.087500
0 0.035000 0.908750 0.070000 0.177500