0 0.105000 0.037500 0.040000 0.065000
0 0.170000 0.138750 0.073333 0.112500
0 0.249167 0.091250 0.081667 0.182500
0 0.339167 0.095000 0.025000 0.190000
0 0.421667 0.280000 0.123333 0.145000
0 0.460000 0.383750 0.040000 0.097500
0 0.403333 0.478750 0.083333 0.197500
0 0.162500 0.510000 0.095000 0.140000
0 0.262500 0.551250 0.041667 0.162500
0 0.191667 0.695000 0.030000 0.160000
0 0.305833 0.597500 0.075000 0.100000
0 0.335000 0.556250 0.103333 0.147500
0 0.470833 0.576250 0.168333 0.157500
0 0.462500 0.680000 0.105000 0.100000
0 0.472500 0.666250 0.065000 0.132500
0 0.598333 0.547500 0.076667 0.115000
0 0.620000 0.623750 0.103333 0.067500
0 0.645000 0.662500 0.106667 0.105000
0 0.722500 0.513750 0.088333 0.182500
0 0.791667 0.300000 0.056667 0.205000
0 0.560000 0.092500 0.026667 0.185000
0 0.630833 0.110000 0.088333 0.080000
0 0.661667 0.158750 0.056667 0.172500
0 0.633333 0.185000 0.026667 0.150000
0 0.828333 0.048750 0.090000 0.097500
0 0.975833 0.211250 0.045000 0.142500
0 0.934167 0.436250 0.095000 0.142500
0 0.856667 0.505000 0.066667 0.140000
0 0.925000 0.613750 0.110000 0.192500
0 0.853333 0.655000 0.053333 0.165000
0 0.787500 0.645000 0.091667 0.180000
0 0.974167 0.732500 0.048333 0.080000
0 0.695833 0.772500 0.125000 0.110000
0 0.664167 0.903750 0.081667 0.182500
0 0.605000 0.905000 0.050000 0.180000
0 0.415000 0.930000 0.090000 0.135000
0 0.193333 0.915000 0.050000 0.145000
0 0.137500 0.816250 0.061667 0.122500
0 0.088333 0.932500 0.056667 0.125000
0 0.089167 0.956250 0.091667 0.077500
0 0.941667 0.853750 0.103333 0.132500