0 0.195833 0.137500 0.075000 0.120000
0 0.250000 0.215000 0.136667 0.100000
0 0.315000 0.095000 0.066667 0.180000
0 0.397500 0.201250 0.118333 0.117500
0 0.456667 0.327500 0.123333 0.125000
0 0.260833 0.398750 0.048333 0.162500
0 0.094167 0.392500 0.075000 0.110000
0 0.129167 0.488750 0.041667 0.097500
0 0.166667 0.581250 0.066667 0.092500
0 0.226667 0.673750 0.126667 0.147500
0 0.407500 0.513750 0.155000 0.142500
0 0.426667 0.565000 0.080000 0.100000
0 0.488333 0.725000 0.113333 0.145000
0 0.138333 0.916250 0.090000 0.157500
0 0.096667 0.756250 0.083333 0.127500
0 0.324167 0.813750 0.105000 0.162500
0 0.566667 0.921250 0.073333 0.147500
0 0.638333 0.873750 0.080000 0.182500
0 0.774167 0.731250 0.081667 0.182500
0 0.654167 0.678750 0.068333 0.192500
0 0.542500 0.546250 0.055000 0.062500
0 0.582500 0.543750 0.068333 0.112500
0 0.620000 0.542500 0.050000 0.090000
0 0.765833 0.418750 0.068333 0.072500
0 0.690833 0.457500 0.065000 0.245000
0 0.733333 0.605000 0.103333 0.090000
0 0.839167 0.601250 0.081667 0.167500
0 0.904167 0.546250 0.108333 0.187500
0 0.833333 0.412500 0.086667 0.225000
0 0.909167 0.801250 0.145000 0.102500
0 0.910833 0.912500 0.065000 0.060000
0 0.825833 0.966250 0.048333 0.062500
0 0.570000 0.210000 0.076667 0.140000
0 0.533333 0.051250 0.023333 0.102500
0 0.810000 0.037500 0.100000 0.075000
0 0.940833 0.072500 0.095000 0.135000
0 0.885000 0.236250 0.120000 0.092500
0 0.983333 0.553750 0.023333 0.157500