0 0.122500 0.053750 0.158333 0.072500
0 0.324167 0.102500 0.065000 0.205000
0 0.410833 0.230000 0.088333 0.125000
0 0.455000 0.337500 0.073333 0.135000
0 0.415833 0.397500 0.088333 0.080000
0 0.225000 0.417500 0.080000 0.155000
0 0.287500 0.382500 0.108333 0.155000
0 0.170833 0.501250 0.128333 0.142500
0 0.162500 0.638750 0.085000 0.127500
0 0.306667 0.518750 0.090000 0.072500
0 0.324167 0.572500 0.105000 0.050000
0 0.485000 0.513750 0.113333 0.167500
0 0.458333 0.645000 0.066667 0.130000
0 0.539167 0.076250 0.078333 0.147500
0 0.618333 0.080000 0.100000 0.060000
0 0.802500 0.048750 0.065000 0.082500
0 0.865000 0.025000 0.053333 0.050000
0 0.960000 0.136250 0.040000 0.232500
3 0.957500 0.038750 0.018333 0.042500
0 0.564167 0.233750 0.058333 0.167500
0 0.730833 0.290000 0.078333 0.180000
0 0.725000 0.350000 0.080000 0.160000
0 0.656667 0.457500 0.040000 0.220000
0 0.724167 0.511250 0.075000 0.152500
0 0.808333 0.638750 0.073333 0.157500
0 0.757500 0.611250 0.048333 0.137500
0 0.827500 0.495000 0.025000 0.200000
0 0.908333 0.581250 0.100000 0.167500
0 1.001667 0.782500 0.006667 0.010000
0 0.897500 0.700000 0.065000 0.180000
0 0.926667 0.817500 0.073333 0.170000
0 0.937500 0.880000 0.071667 0.110000
0 0.831667 0.872500 0.080000 0.155000
0 0.630833 0.590000 0.085000 0.100000
0 0.612500 0.625000 0.085000 0.060000
0 0.626667 0.730000 0.083333 0.080000
0 0.440000 0.760000 0.140000 0.100000
0 0.569167 0.923750 0.061667 0.147500
0 0.648333 0.877500 0.060000 0.140000
0 0.635000 0.958750 0.053333 0.062500
0 0.409167 0.933750 0.088333 0.092500
0 0.285000 0.970000 0.063333 0.055000
0 0.233333 0.891250 0.063333 0.112500
0 0.215000 0.966250 0.040000 0.062500
0 0.165000 0.932500 0.053333 0.130000
0 0.212500 0.772500 0.135000 0.035000
0 0.107500 0.792500 0.065000 0.095000
0 0.056667 0.886250 0.066667 0.102500