0 0.216667 0.096250 0.116667 0.147500
0 0.326667 0.101250 0.036667 0.192500
0 0.419167 0.215000 0.051667 0.070000
0 0.420000 0.252500 0.096667 0.105000
0 0.477500 0.351250 0.091667 0.147500
0 0.375000 0.331250 0.123333 0.082500
0 0.284167 0.377500 0.065000 0.095000
0 0.207500 0.371250 0.061667 0.202500
0 0.186667 0.503750 0.130000 0.147500
0 0.155000 0.671250 0.060000 0.182500
0 0.249167 0.650000 0.098333 0.100000
0 0.479167 0.537500 0.115000 0.105000
0 0.328333 0.537500 0.103333 0.110000
0 0.461667 0.658750 0.060000 0.127500
0 0.609167 0.642500 0.075000 0.045000
0 0.625000 0.598750 0.093333 0.077500
0 0.712500 0.507500 0.085000 0.160000
0 0.652500 0.396250 0.038333 0.212500
0 0.753333 0.352500 0.023333 0.180000
0 0.790000 0.495000 0.063333 0.105000
0 0.769167 0.625000 0.071667 0.200000
0 0.838333 0.535000 0.053333 0.250000
0 0.690833 0.213750 0.085000 0.192500
0 0.530833 0.162500 0.095000 0.120000
0 0.924167 0.607500 0.115000 0.200000
0 0.931667 0.566250 0.056667 0.147500
0 0.935833 0.812500 0.085000 0.165000
0 0.933333 0.852500 0.083333 0.130000
0 0.645833 0.878750 0.055000 0.137500
0 0.650000 0.962500 0.023333 0.070000
0 0.583333 0.938750 0.083333 0.072500
0 0.591667 0.906250 0.053333 0.137500
0 0.584167 0.800000 0.101667 0.130000
0 0.509167 0.861250 0.088333 0.097500
0 0.451667 0.882500 0.053333 0.205000
0 0.320833 0.933750 0.068333 0.127500
0 0.222500 0.845000 0.048333 0.185000
0 0.187500 0.928750 0.045000 0.137500
0 0.113333 0.803750 0.063333 0.087500
0 0.140000 0.816250 0.076667 0.102500
0 0.055833 0.898750 0.075000 0.107500