0 0.137500 0.126250 0.101667 0.052500
0 0.243333 0.135000 0.073333 0.135000
0 0.185833 0.292500 0.118333 0.150000
0 0.280000 0.417500 0.130000 0.075000
0 0.273333 0.513750 0.146667 0.072500
0 0.352500 0.622500 0.071667 0.095000
0 0.320000 0.745000 0.113333 0.110000
0 0.172500 0.757500 0.105000 0.120000
0 0.190000 0.691250 0.113333 0.052500
0 0.067500 0.830000 0.038333 0.205000
0 0.263333 0.913750 0.193333 0.112500
0 0.491667 0.837500 0.143333 0.115000
0 0.538333 0.520000 0.053333 0.180000
0 0.608333 0.612500 0.146667 0.135000
0 0.542500 0.348750 0.161667 0.137500
0 0.395833 0.235000 0.138333 0.110000
0 0.655833 0.403750 0.045000 0.257500
0 0.819167 0.371250 0.091667 0.192500
0 0.842500 0.591250 0.098333 0.142500
0 0.769167 0.912500 0.108333 0.145000
0 0.660000 0.948750 0.060000 0.097500
0 0.962500 0.895000 0.065000 0.175000
0 0.938333 0.837500 0.083333 0.115000
0 0.855000 0.096250 0.093333 0.162500
0 0.686667 0.131250 0.046667 0.162500
0 0.588333 0.073750 0.050000 0.142500
0 0.532500 0.113750 0.108333 0.162500
0 0.425000 0.092500 0.110000 0.150000