0 0.029167 0.230000 0.045000 0.100000
0 0.033333 0.310000 0.056667 0.040000
0 0.132500 0.388750 0.105000 0.107500
0 0.242500 0.208750 0.178333 0.087500
0 0.404167 0.075000 0.045000 0.070000
0 0.448333 0.026250 0.063333 0.047500
0 0.680833 0.055000 0.081667 0.110000
0 0.438333 0.173750 0.113333 0.032500
0 0.502500 0.203750 0.095000 0.032500
0 0.457500 0.205000 0.035000 0.065000
0 0.469167 0.258750 0.095000 0.042500
0 0.390833 0.327500 0.088333 0.130000
0 0.355000 0.427500 0.070000 0.125000
0 0.334167 0.502500 0.078333 0.095000
0 0.304167 0.560000 0.078333 0.160000
0 0.105000 0.633750 0.143333 0.162500
0 0.230000 0.695000 0.033333 0.055000
0 0.256667 0.731250 0.056667 0.092500
0 0.169167 0.846250 0.128333 0.192500
1 0.201667 0.731250 0.043333 0.077500
0 0.682500 0.263750 0.091667 0.077500
0 0.671667 0.226250 0.046667 0.157500
0 0.791667 0.150000 0.023333 0.115000
0 0.840833 0.213750 0.045000 0.077500
0 0.920000 0.240000 0.113333 0.085000
0 0.906667 0.150000 0.093333 0.065000
0 0.856667 0.080000 0.046667 0.155000
0 0.769167 0.318750 0.068333 0.097500
0 0.780833 0.335000 0.131667 0.050000
0 0.756667 0.436250 0.140000 0.087500
0 0.651667 0.470000 0.053333 0.160000
0 0.740000 0.581250 0.030000 0.072500
0 0.785000 0.580000 0.060000 0.140000
0 0.765000 0.668750 0.023333 0.102500
0 0.745000 0.661250 0.103333 0.047500
0 0.648333 0.587500 0.093333 0.090000
0 0.604167 0.651250 0.078333 0.052500
0 0.608333 0.693750 0.043333 0.077500
0 0.641667 0.747500 0.063333 0.120000
0 0.794167 0.752500 0.081667 0.120000
0 0.779167 0.891250 0.111667 0.062500
0 0.888333 0.887500 0.083333 0.220000
0 0.460833 0.420000 0.048333 0.145000
0 0.436667 0.610000 0.100000 0.140000
0 0.409167 0.736250 0.045000 0.097500
0 0.420000 0.810000 0.106667 0.095000
0 0.560000 0.821250 0.070000 0.037500
0 0.515000 0.871250 0.070000 0.077500
0 0.372500 0.912500 0.128333 0.045000
0 0.403333 0.973750 0.033333 0.042500
0 0.354167 0.972500 0.055000 0.045000