0 0.045000 0.058750 0.086667 0.102500
0 0.176667 0.050000 0.096667 0.100000
0 0.166667 0.320000 0.153333 0.130000
0 0.380000 0.346250 0.130000 0.147500
0 0.530000 0.141250 0.093333 0.282500
0 0.685833 0.166250 0.061667 0.152500
0 0.934167 0.130000 0.078333 0.220000
0 0.860000 0.051250 0.090000 0.097500
0 0.710833 0.393750 0.078333 0.072500
0 0.580833 0.377500 0.068333 0.185000
0 0.455833 0.531250 0.111667 0.172500
0 0.048333 0.568750 0.083333 0.167500
0 0.260833 0.682500 0.058333 0.095000
0 0.303333 0.715000 0.060000 0.100000
0 0.296667 0.545000 0.113333 0.210000
0 0.300000 0.882500 0.136667 0.105000
0 0.400833 0.842500 0.068333 0.155000
0 0.551667 0.726250 0.106667 0.162500
0 0.574167 0.817500 0.101667 0.135000
0 0.608333 0.591250 0.163333 0.062500
0 0.700833 0.580000 0.058333 0.040000
0 0.650833 0.471250 0.055000 0.077500
0 0.694167 0.457500 0.028333 0.125000
0 0.887500 0.481250 0.131667 0.092500
0 0.881667 0.616250 0.086667 0.132500
0 0.971667 0.638750 0.050000 0.082500
0 0.861667 0.911250 0.113333 0.087500
0 0.780833 0.768750 0.095000 0.162500