0 0.051667 0.052500 0.093333 0.085000
0 0.187500 0.047500 0.071667 0.075000
0 0.121667 0.286250 0.113333 0.037500
0 0.022500 0.293750 0.045000 0.057500
0 0.049167 0.573750 0.085000 0.127500
0 0.247500 0.555000 0.048333 0.130000
0 0.327500 0.588750 0.088333 0.202500
0 0.393333 0.382500 0.116667 0.140000
0 0.533333 0.168750 0.090000 0.227500
0 0.647500 0.318750 0.115000 0.087500
0 0.698333 0.171250 0.056667 0.157500
0 0.859167 0.055000 0.081667 0.100000
0 0.940833 0.145000 0.065000 0.215000
0 0.567500 0.310000 0.065000 0.050000
0 0.511667 0.411250 0.056667 0.132500
0 0.606667 0.398750 0.110000 0.077500
0 0.604167 0.427500 0.038333 0.085000
0 0.612500 0.505000 0.081667 0.065000
0 0.812500 0.458750 0.145000 0.077500
0 0.839167 0.588750 0.135000 0.117500
0 0.684167 0.600000 0.145000 0.090000
0 0.672500 0.646250 0.068333 0.072500
0 0.750000 0.607500 0.066667 0.175000
0 0.555000 0.732500 0.106667 0.140000
0 0.581667 0.833750 0.086667 0.112500
0 0.425000 0.750000 0.106667 0.160000
0 0.295833 0.898750 0.165000 0.057500
0 0.220833 0.798750 0.071667 0.132500
0 0.159167 0.905000 0.078333 0.090000
0 0.680833 0.943750 0.111667 0.107500
0 0.784167 0.890000 0.135000 0.095000
0 0.973333 0.640000 0.050000 0.055000