0 0.194625 0.857563 0.124017 0.050525
0 0.930850 0.182612 0.128900 0.084775
0 0.504292 0.585425 0.149217 0.137500
0 0.658200 0.284500 0.101567 0.044000
0 0.055500 0.205087 0.107567 0.051575
0 0.788675 0.833612 0.110150 0.051575
0 0.930475 0.921362 0.045317 0.141675
0 0.077383 0.741663 0.066333 0.166675
0 0.144442 0.125850 0.041217 0.203500
0 0.156242 0.463938 0.097650 0.259625
0 0.811125 0.118150 0.058983 0.154550
0 0.079200 0.043225 0.083600 0.090400
0 0.949608 0.630213 0.088283 0.047925
0 0.422158 0.904175 0.178317 0.076050
0 0.087100 0.834375 0.137333 0.142700
0 0.339833 0.368225 0.101167 0.131250
0 0.550775 0.293937 0.054683 0.076175
0 0.375683 0.513412 0.136133 0.136725
0 0.342000 0.722662 0.078133 0.168225
0 0.946875 0.334962 0.084383 0.143625
0 0.640242 0.174100 0.125783 0.021100
0 0.615242 0.417725 0.163283 0.067200
0 0.530858 0.284250 0.100783 0.232550
0 0.728508 0.055125 0.081250 0.115000
0 0.504692 0.226362 0.046883 0.114975
0 0.144925 0.306588 0.082817 0.141025
0 0.933600 0.303463 0.087500 0.096225
0 0.723050 0.243200 0.046100 0.253700
0 0.928125 0.056750 0.068750 0.028950
0 0.595708 0.521613 0.047650 0.149475
0 0.973833 0.395450 0.028900 0.104950
0 0.920308 0.871100 0.018750 0.041150
0 0.579500 0.118712 0.141800 0.183375
0 0.908975 0.170325 0.085150 0.057300
0 0.792967 0.346625 0.075000 0.056250
0 0.245833 0.773750 0.131667 0.142500
0 0.561667 0.742500 0.146667 0.135000
0 0.388333 0.110000 0.100000 0.200000
3 0.818333 0.503750 0.050000 0.067500