0 0.815833 0.070000 0.211667 0.120000
0 0.192500 0.216250 0.105000 0.272500
0 0.294167 0.365000 0.158333 0.110000
0 0.287500 0.325000 0.075000 0.110000
0 0.268333 0.432500 0.110000 0.180000
0 0.038333 0.371250 0.073333 0.077500
0 0.108333 0.553750 0.166667 0.047500
0 0.405000 0.496250 0.100000 0.127500
0 0.339167 0.622500 0.161667 0.165000
0 0.460000 0.593750 0.090000 0.167500
0 0.584167 0.648750 0.155000 0.097500
0 0.653333 0.431250 0.136667 0.187500
0 0.917500 0.290000 0.118333 0.220000
0 0.602500 0.805000 0.195000 0.070000
0 0.698333 0.873750 0.103333 0.072500
0 0.615833 0.896250 0.095000 0.042500
0 0.608333 0.925000 0.060000 0.070000
0 0.565833 0.958750 0.048333 0.077500
0 0.315833 0.773750 0.101667 0.212500
0 0.399167 0.917500 0.141667 0.110000
0 0.841667 0.858750 0.143333 0.122500
0 0.928333 0.886250 0.100000 0.107500
0 0.818333 0.946250 0.100000 0.097500