0 0.937883 0.878387 0.041400 0.120325
0 0.732808 0.555212 0.097650 0.146875
0 0.957433 0.538025 0.071100 0.044800
0 0.228333 0.313750 0.060000 0.252500
0 0.085000 0.316250 0.166667 0.062500
0 0.083333 0.185000 0.103333 0.190000
0 0.036667 0.217500 0.056667 0.075000
0 0.021667 0.120000 0.040000 0.075000
0 0.210000 0.071250 0.196667 0.082500
0 0.330833 0.098750 0.098333 0.157500
0 0.898333 0.300000 0.126667 0.235000
0 0.755000 0.633750 0.186667 0.147500
0 0.750000 0.621250 0.056667 0.057500
0 0.794167 0.727500 0.068333 0.205000
0 0.921667 0.663750 0.130000 0.097500
0 0.643333 0.502500 0.073333 0.180000
0 0.522500 0.561250 0.195000 0.077500
0 0.288333 0.646250 0.053333 0.312500
0 0.397500 0.431250 0.195000 0.122500
0 0.456667 0.502500 0.203333 0.095000
0 0.180000 0.611250 0.116667 0.132500
0 0.039167 0.641250 0.075000 0.057500
1 0.634167 0.152500 0.055000 0.085000
3 0.555833 0.952500 0.025000 0.035000