4 0.979683 0.899750 0.039067 0.129700
0 0.257500 0.037500 0.138333 0.055000
0 0.411667 0.050000 0.126667 0.080000
0 0.516667 0.187500 0.053333 0.230000
0 0.551667 0.130000 0.090000 0.060000
0 0.355000 0.300000 0.150000 0.130000
0 0.210000 0.273750 0.150000 0.147500
0 0.065000 0.391250 0.130000 0.062500
0 0.446667 0.687500 0.086667 0.155000
0 0.531667 0.717500 0.073333 0.125000
0 0.520833 0.831250 0.141667 0.062500
0 0.690000 0.877500 0.116667 0.160000
0 0.775000 0.830000 0.043333 0.160000
0 0.733333 0.673750 0.070000 0.132500
0 0.745833 0.538750 0.195000 0.112500
0 0.794167 0.346250 0.101667 0.212500
0 0.902500 0.357500 0.065000 0.075000
0 0.925833 0.340000 0.035000 0.120000
0 0.954167 0.340000 0.061667 0.150000
0 0.978333 0.453750 0.040000 0.047500
0 0.543333 0.515000 0.063333 0.170000
1 0.380833 0.692500 0.058333 0.080000
1 0.235000 0.678750 0.060000 0.077500
1 0.060000 0.581250 0.060000 0.092500
1 0.649167 0.362500 0.055000 0.105000
1 0.913333 0.471250 0.056667 0.082500
1 0.873333 0.817500 0.040000 0.075000
1 0.620833 0.651250 0.058333 0.077500
1 0.484167 0.487500 0.058333 0.085000
1 0.506667 0.548750 0.060000 0.057500
0 0.446667 0.476250 0.133333 0.172500
0 0.690000 0.191250 0.116667 0.172500