0 0.629883 0.473713 0.018367 0.104175
0 0.826175 0.883850 0.060150 0.201050
0 0.876958 0.657550 0.049217 0.117200
0 0.425392 0.429688 0.038283 0.108325
0 0.748042 0.733087 0.081250 0.025525
0 0.749417 0.307950 0.026167 0.060150
0 0.440833 0.283750 0.155000 0.212500
0 0.307500 0.382500 0.121667 0.120000
0 0.270833 0.415000 0.098333 0.145000
0 0.143333 0.387500 0.113333 0.105000
0 0.138333 0.567500 0.160000 0.265000
0 0.113333 0.485000 0.120000 0.115000
0 0.318333 0.747500 0.163333 0.210000
0 0.350000 0.842500 0.100000 0.215000
0 0.619167 0.791250 0.125000 0.112500
0 0.743333 0.391250 0.126667 0.092500
1 0.298333 0.231250 0.060000 0.097500
1 0.551667 0.045000 0.056667 0.050000
4 0.786667 0.022500 0.080000 0.045000
1 0.933333 0.095000 0.040000 0.070000
1 0.975833 0.118750 0.035000 0.067500
1 0.533333 0.513750 0.053333 0.082500
1 0.524167 0.651250 0.078333 0.097500
4 0.722500 0.827500 0.075000 0.115000
1 0.873333 0.930000 0.060000 0.080000
0 0.028333 0.921250 0.056667 0.082500
1 0.408333 0.788750 0.050000 0.082500