0 0.075000 0.370000 0.150000 0.110000
0 0.186667 0.335000 0.126667 0.210000
0 0.239167 0.276250 0.128333 0.092500
0 0.360833 0.287500 0.141667 0.095000
0 0.387500 0.025000 0.098333 0.045000
0 0.350833 0.095000 0.111667 0.110000
0 0.447500 0.175000 0.071667 0.150000
0 0.541667 0.185000 0.093333 0.270000
0 0.770000 0.056250 0.080000 0.112500
0 0.795000 0.361250 0.103333 0.182500
0 0.786667 0.526250 0.193333 0.097500
0 0.955000 0.360000 0.056667 0.180000
0 0.953333 0.233750 0.086667 0.147500
0 0.933333 0.438750 0.060000 0.152500
0 0.547500 0.480000 0.038333 0.180000
0 0.443333 0.481250 0.106667 0.142500
0 0.451667 0.856250 0.073333 0.152500
0 0.526667 0.803750 0.116667 0.082500
0 0.705000 0.862500 0.120000 0.145000
0 0.745000 0.715000 0.063333 0.190000
0 0.809167 0.685000 0.091667 0.140000
0 0.045833 0.768750 0.088333 0.177500
1 0.067500 0.573750 0.055000 0.087500
1 0.389167 0.687500 0.075000 0.095000
1 0.025833 0.216250 0.048333 0.067500
1 0.228333 0.660000 0.063333 0.080000
1 0.634167 0.647500 0.081667 0.090000
1 0.655000 0.350000 0.056667 0.100000
1 0.777500 0.223750 0.065000 0.072500
1 0.495833 0.482500 0.055000 0.065000
1 0.513333 0.542500 0.050000 0.055000