0 0.060833 0.058750 0.048333 0.117500
0 0.290833 0.083750 0.145000 0.132500
0 0.423333 0.040000 0.066667 0.080000
0 0.425000 0.183750 0.093333 0.172500
0 0.469167 0.208750 0.055000 0.147500
0 0.484167 0.316250 0.065000 0.132500
0 0.445000 0.375000 0.120000 0.120000
0 0.335000 0.360000 0.116667 0.170000
0 0.180833 0.357500 0.168333 0.115000
0 0.058333 0.433750 0.116667 0.127500
0 0.613333 0.633750 0.123333 0.107500
0 0.714167 0.696250 0.095000 0.192500
0 0.735000 0.592500 0.163333 0.085000
0 0.755000 0.482500 0.163333 0.095000
0 0.928333 0.373750 0.043333 0.177500
0 0.959167 0.522500 0.078333 0.060000
0 0.498333 0.803750 0.076667 0.087500
0 0.502500 0.888750 0.078333 0.042500
0 0.623333 0.917500 0.070000 0.115000
0 0.410000 0.506250 0.050000 0.117500
1 0.550833 0.185000 0.055000 0.090000
1 0.633333 0.367500 0.053333 0.100000
0 0.420833 0.763750 0.088333 0.127500
1 0.465000 0.516250 0.050000 0.072500
1 0.502500 0.557500 0.068333 0.075000
1 0.038333 0.631250 0.070000 0.087500
1 0.217500 0.710000 0.071667 0.080000
1 0.910833 0.251250 0.038333 0.057500
1 0.884167 0.498750 0.051667 0.077500
4 0.945000 0.936250 0.103333 0.117500