0 0.330833 0.158750 0.058333 0.207500
0 0.476667 0.163750 0.160000 0.167500
0 0.303333 0.062500 0.090000 0.125000
0 0.275000 0.125000 0.076667 0.130000
0 0.286667 0.193750 0.060000 0.092500
0 0.250000 0.272500 0.090000 0.065000
0 0.233333 0.352500 0.233333 0.110000
0 0.277500 0.643750 0.088333 0.232500
0 0.293333 0.622500 0.036667 0.160000
0 0.640833 0.765000 0.161667 0.165000
0 0.724167 0.646250 0.085000 0.192500
0 0.815833 0.567500 0.091667 0.115000
0 0.786667 0.482500 0.066667 0.145000
0 0.906667 0.600000 0.060000 0.200000
0 0.898333 0.756250 0.186667 0.107500
0 0.710833 0.367500 0.131667 0.050000
0 0.745000 0.332500 0.113333 0.185000
0 0.805000 0.353750 0.053333 0.127500
0 0.909167 0.246250 0.161667 0.237500
0 0.884167 0.153750 0.118333 0.127500
1 0.955000 0.420000 0.060000 0.060000
1 0.133333 0.135000 0.073333 0.090000
1 0.090000 0.242500 0.070000 0.085000
1 0.350833 0.763750 0.045000 0.097500
1 0.304167 0.802500 0.068333 0.090000
1 0.059167 0.936250 0.065000 0.082500
1 0.305833 0.911250 0.045000 0.082500
1 0.483333 0.940000 0.073333 0.115000
1 0.543333 0.527500 0.066667 0.075000