0 0.152500 0.198750 0.151667 0.182500
0 0.286667 0.185000 0.083333 0.110000
0 0.295000 0.255000 0.103333 0.110000
0 0.103333 0.286250 0.120000 0.102500
0 0.078333 0.432500 0.146667 0.170000
0 0.299167 0.573750 0.115000 0.247500
0 0.275000 0.852500 0.186667 0.140000
0 0.600833 0.397500 0.178333 0.205000
0 0.620833 0.263750 0.138333 0.127500
0 0.740000 0.530000 0.113333 0.170000
0 0.736667 0.530000 0.066667 0.240000
0 0.630000 0.543750 0.073333 0.152500
0 0.785000 0.727500 0.146667 0.125000
0 0.708333 0.908750 0.180000 0.077500
1 0.066667 0.156250 0.060000 0.087500
1 0.538333 0.035000 0.040000 0.045000
1 0.744167 0.188750 0.055000 0.117500
1 0.884167 0.811250 0.048333 0.062500
1 0.215000 0.963750 0.056667 0.057500
1 0.354167 0.421250 0.075000 0.077500
1 0.168333 0.452500 0.046667 0.080000
4 0.435833 0.296250 0.108333 0.152500
1 0.836667 0.248750 0.050000 0.072500
0 0.838333 0.130000 0.056667 0.060000
0 0.605000 0.856250 0.040000 0.087500
1 0.623333 0.760000 0.063333 0.080000