5 0.597658 0.627613 0.082817 0.091675
0 0.124167 0.681250 0.191667 0.137500
0 0.144167 0.516250 0.135000 0.097500
0 0.199167 0.373750 0.121667 0.152500
0 0.178333 0.230000 0.056667 0.135000
0 0.234167 0.097500 0.095000 0.100000
0 0.083333 0.158750 0.153333 0.137500
0 0.045833 0.041250 0.081667 0.082500
0 0.456667 0.191250 0.116667 0.117500
0 0.558333 0.260000 0.106667 0.180000
0 0.472500 0.331250 0.171667 0.102500
0 0.575000 0.380000 0.203333 0.085000
0 0.560833 0.436250 0.038333 0.172500
0 0.572500 0.087500 0.075000 0.095000
0 0.565833 0.038750 0.165000 0.057500
0 0.643333 0.121250 0.063333 0.147500
0 0.865000 0.098750 0.080000 0.122500
0 0.845833 0.217500 0.181667 0.135000
0 0.889167 0.326250 0.111667 0.167500
0 0.901667 0.372500 0.103333 0.085000
0 0.940000 0.482500 0.083333 0.090000
0 0.875000 0.468750 0.183333 0.122500
0 0.755000 0.560000 0.120000 0.120000
0 0.676667 0.645000 0.126667 0.065000
0 0.769167 0.738750 0.085000 0.122500
0 0.890833 0.782500 0.138333 0.145000
0 0.713333 0.778750 0.076667 0.167500
0 0.571667 0.873750 0.190000 0.112500
0 0.425000 0.953750 0.116667 0.087500
0 0.738333 0.933750 0.106667 0.072500
0 0.599167 0.961250 0.158333 0.067500
0 0.182500 0.906250 0.125000 0.172500
1 0.636667 0.825000 0.036667 0.070000
1 0.604167 0.825000 0.041667 0.090000
1 0.572500 0.810000 0.041667 0.095000
1 0.452500 0.600000 0.055000 0.080000
1 0.370000 0.292500 0.043333 0.090000
1 0.477500 0.685000 0.071667 0.090000
1 0.080000 0.116250 0.063333 0.107500