0 0.032042 0.435287 0.058883 0.073175
0 0.331050 0.512238 0.104300 0.194275
0 0.311042 0.650525 0.043950 0.105200
0 0.747075 0.665875 0.057417 0.102600
0 0.264550 0.462900 0.052933 0.057550
0 0.124283 0.483200 0.082467 0.062750
0 0.206392 0.623188 0.103217 0.074475
0 0.757817 0.462900 0.173433 0.099750
0 0.061667 0.707500 0.110000 0.235000
0 0.237500 0.936250 0.108333 0.117500
0 0.426667 0.966250 0.193333 0.062500
0 0.598333 0.600000 0.093333 0.155000
4 0.683333 0.857500 0.080000 0.125000
4 0.523333 0.670000 0.063333 0.095000
1 0.514167 0.130000 0.048333 0.060000
1 0.282500 0.270000 0.055000 0.080000
1 0.958333 0.150000 0.040000 0.050000
1 0.418333 0.735000 0.056667 0.075000
1 0.373333 0.901250 0.053333 0.067500
1 0.794167 0.026250 0.031667 0.047500
0 0.326667 0.020000 0.130000 0.040000
1 0.511667 0.038750 0.056667 0.077500