0 0.097500 0.388750 0.118333 0.117500
0 0.103333 0.392500 0.093333 0.065000
0 0.197500 0.380000 0.095000 0.110000
0 0.416667 0.421250 0.080000 0.152500
0 0.347500 0.568750 0.111667 0.077500
0 0.552500 0.485000 0.105000 0.120000
0 0.028333 0.151250 0.053333 0.097500
0 0.653333 0.043750 0.160000 0.072500
0 0.680000 0.197500 0.146667 0.140000
0 0.681667 0.221250 0.096667 0.107500
0 0.973333 0.037500 0.033333 0.070000
0 0.949167 0.553750 0.085000 0.147500
0 0.897500 0.620000 0.055000 0.290000
0 0.970833 0.686250 0.055000 0.077500
0 0.825833 0.881250 0.111667 0.097500
0 0.859167 0.940000 0.118333 0.110000
0 0.937500 0.841250 0.121667 0.102500
0 0.612500 0.956250 0.045000 0.067500
0 0.459167 0.787500 0.081667 0.195000
0 0.555000 0.941250 0.056667 0.107500
0 0.684167 0.497500 0.141667 0.185000
4 0.144167 0.740000 0.115000 0.165000
0 0.018333 0.480000 0.036667 0.060000
1 0.207500 0.261250 0.051667 0.077500
1 0.469167 0.135000 0.051667 0.085000
1 0.522500 0.133750 0.061667 0.072500
1 0.540000 0.192500 0.060000 0.065000
1 0.558333 0.381250 0.060000 0.077500
1 0.635833 0.726250 0.058333 0.087500
0 0.329167 0.755000 0.051667 0.070000
1 0.320833 0.398750 0.055000 0.087500
1 0.853333 0.483750 0.046667 0.072500
1 0.782500 0.951250 0.055000 0.042500
0 0.940000 0.155000 0.060000 0.090000