0 0.130000 0.561250 0.100000 0.187500
0 0.184167 0.301250 0.101667 0.257500
0 0.483333 0.058750 0.120000 0.117500
0 0.751667 0.111250 0.123333 0.122500
0 0.905833 0.092500 0.051667 0.160000
0 0.800000 0.515000 0.056667 0.310000
0 0.799167 0.338750 0.121667 0.137500
0 0.630000 0.360000 0.110000 0.075000
0 0.539167 0.398750 0.081667 0.217500
0 0.585000 0.261250 0.080000 0.147500
0 0.488333 0.175000 0.116667 0.130000
0 0.310833 0.666250 0.085000 0.122500
0 0.286667 0.735000 0.113333 0.135000
0 0.071667 0.787500 0.086667 0.165000
0 0.116667 0.856250 0.056667 0.187500
0 0.915833 0.800000 0.138333 0.080000
0 0.934167 0.911250 0.091667 0.167500
0 0.425833 0.443750 0.121667 0.187500
0 0.473333 0.486250 0.080000 0.152500
0 0.669167 0.501250 0.105000 0.142500
0 0.060000 0.163750 0.066667 0.082500
1 0.618333 0.138750 0.066667 0.077500
1 0.195000 0.663750 0.056667 0.107500
1 0.615833 0.638750 0.088333 0.117500
4 0.413333 0.848750 0.106667 0.157500
0 0.299167 0.452500 0.078333 0.105000
1 0.386667 0.035000 0.060000 0.050000