0 0.140833 0.245000 0.141667 0.220000
0 0.135833 0.073750 0.178333 0.127500
0 0.305833 0.243750 0.168333 0.117500
0 0.299167 0.230000 0.115000 0.120000
0 0.077500 0.468750 0.155000 0.232500
0 0.118333 0.375000 0.113333 0.130000
0 0.300833 0.641250 0.141667 0.292500
0 0.460000 0.557500 0.100000 0.140000
0 0.611667 0.596250 0.083333 0.187500
0 0.613333 0.358750 0.150000 0.137500
0 0.800833 0.083750 0.045000 0.107500
0 0.826667 0.066250 0.086667 0.127500
0 0.914167 0.098750 0.125000 0.192500
0 0.800000 0.780000 0.143333 0.180000
0 0.275833 0.908750 0.291667 0.082500
0 0.710000 0.973750 0.173333 0.047500
0 0.975000 0.375000 0.043333 0.070000
1 0.987500 0.312500 0.021667 0.050000
1 0.345833 0.425000 0.071667 0.085000
1 0.169167 0.505000 0.058333 0.090000
1 0.226667 0.976250 0.050000 0.037500
1 0.869167 0.867500 0.055000 0.070000
1 0.762500 0.568750 0.048333 0.057500
1 0.060833 0.218750 0.058333 0.057500
3 0.267500 0.156250 0.041667 0.057500
3 0.473333 0.267500 0.040000 0.060000
1 0.737500 0.200000 0.058333 0.120000
1 0.832500 0.298750 0.048333 0.077500
4 0.435000 0.377500 0.116667 0.150000