0 0.058333 0.190000 0.116667 0.120000
0 0.183333 0.313750 0.116667 0.212500
0 0.053333 0.520000 0.093333 0.130000
0 0.192500 0.546250 0.101667 0.162500
0 0.347500 0.618750 0.111667 0.057500
0 0.472500 0.450000 0.185000 0.120000
0 0.472500 0.305000 0.141667 0.160000
0 0.685833 0.186250 0.068333 0.122500
0 0.567500 0.072500 0.098333 0.095000
0 0.890000 0.053750 0.073333 0.107500
0 0.800000 0.142500 0.146667 0.125000
0 0.777500 0.456250 0.128333 0.277500
0 0.811667 0.577500 0.080000 0.220000
0 0.920000 0.723750 0.130000 0.262500
0 0.310000 0.377500 0.133333 0.125000
0 0.299167 0.446250 0.095000 0.092500
0 0.380833 0.720000 0.168333 0.115000
0 0.060833 0.827500 0.121667 0.155000
0 0.233333 0.758750 0.086667 0.092500
0 0.363333 0.886250 0.113333 0.187500
0 0.345000 0.972500 0.083333 0.045000
0 0.464167 0.685000 0.101667 0.110000
0 0.455000 0.582500 0.030000 0.190000
4 0.624167 0.585000 0.048333 0.070000
1 0.637500 0.026250 0.048333 0.037500