0 0.044167 0.068750 0.061667 0.092500
0 0.050000 0.170000 0.080000 0.095000
0 0.235000 0.092500 0.050000 0.185000
0 0.125833 0.266250 0.105000 0.112500
0 0.125000 0.432500 0.173333 0.125000
0 0.036667 0.522500 0.070000 0.115000
0 0.297500 0.402500 0.068333 0.215000
0 0.433333 0.326250 0.060000 0.272500
0 0.459167 0.225000 0.051667 0.250000
0 0.423333 0.140000 0.053333 0.220000
0 0.384167 0.032500 0.198333 0.065000
0 0.793333 0.150000 0.153333 0.120000
0 0.922500 0.422500 0.065000 0.260000
0 0.881667 0.341250 0.140000 0.222500
0 0.943333 0.587500 0.110000 0.085000
0 0.720000 0.618750 0.216667 0.077500
0 0.687500 0.742500 0.131667 0.135000
0 0.569167 0.687500 0.131667 0.160000
0 0.494167 0.535000 0.161667 0.110000
0 0.425833 0.901250 0.155000 0.117500
1 0.020000 0.657500 0.040000 0.055000
1 0.190000 0.747500 0.053333 0.065000
1 0.341667 0.747500 0.063333 0.080000
1 0.432500 0.570000 0.071667 0.090000
1 0.480833 0.596250 0.075000 0.057500
1 0.810000 0.913750 0.073333 0.067500
1 0.857500 0.532500 0.048333 0.105000
1 0.720833 0.291250 0.078333 0.082500
1 0.545000 0.206250 0.063333 0.077500
1 0.508333 0.050000 0.046667 0.060000
1 0.180000 0.067500 0.060000 0.090000
1 0.614167 0.408750 0.061667 0.087500