0 0.137500 0.073750 0.185000 0.127500
0 0.143333 0.218750 0.146667 0.192500
0 0.301667 0.215000 0.123333 0.080000
0 0.297500 0.216250 0.101667 0.067500
0 0.295833 0.268750 0.091667 0.062500
0 0.308333 0.598750 0.150000 0.277500
0 0.114167 0.326250 0.125000 0.112500
0 0.091667 0.460000 0.153333 0.230000
0 0.588333 0.396250 0.196667 0.197500
0 0.725000 0.496250 0.093333 0.282500
0 0.845000 0.128750 0.096667 0.077500
0 0.790833 0.740000 0.121667 0.180000
0 0.672500 0.696250 0.161667 0.097500
0 0.627500 0.595000 0.051667 0.175000
0 0.270000 0.886250 0.213333 0.077500
0 0.296667 0.882500 0.060000 0.125000
0 0.720833 0.955000 0.181667 0.085000
0 0.600833 0.898750 0.048333 0.082500
1 0.066667 0.190000 0.046667 0.075000
3 0.273333 0.136250 0.043333 0.047500
1 0.751667 0.188750 0.066667 0.097500
1 0.830833 0.275000 0.061667 0.090000
1 0.352500 0.431250 0.075000 0.082500
1 0.174167 0.478750 0.058333 0.082500
1 0.242500 0.966250 0.038333 0.052500
1 0.885833 0.842500 0.075000 0.085000
4 0.439167 0.347500 0.125000 0.185000
1 0.885833 0.456250 0.071667 0.072500
1 0.620000 0.780000 0.070000 0.090000