0 0.162500 0.640000 0.165000 0.150000
0 0.291667 0.487500 0.056667 0.150000
0 0.250000 0.340000 0.103333 0.105000
0 0.188333 0.221250 0.076667 0.162500
0 0.114167 0.165000 0.131667 0.100000
0 0.040000 0.260000 0.070000 0.185000
0 0.244167 0.122500 0.115000 0.050000
0 0.183333 0.356250 0.066667 0.097500
0 0.580833 0.320000 0.201667 0.125000
0 0.667500 0.255000 0.175000 0.225000
0 0.835000 0.157500 0.183333 0.125000
0 0.664167 0.458750 0.178333 0.102500
0 0.758333 0.552500 0.110000 0.135000
0 0.785833 0.643750 0.108333 0.067500
0 0.763333 0.710000 0.100000 0.120000
0 0.916667 0.776250 0.140000 0.072500
0 0.945000 0.301250 0.090000 0.132500
0 0.209167 0.867500 0.061667 0.215000
0 0.512500 0.916250 0.168333 0.077500
0 0.667500 0.918750 0.151667 0.102500
0 0.615000 0.942500 0.143333 0.110000
0 0.737500 0.900000 0.158333 0.080000
0 0.843333 0.833750 0.126667 0.092500
0 0.947500 0.950000 0.051667 0.080000
0 0.320000 0.660000 0.120000 0.105000
1 0.431667 0.290000 0.060000 0.070000
0 0.580000 0.100000 0.093333 0.085000
0 0.669167 0.097500 0.128333 0.125000
1 0.547500 0.063750 0.041667 0.077500
4 0.523333 0.647500 0.073333 0.085000
5 0.610833 0.626250 0.108333 0.102500
0 0.652500 0.578750 0.068333 0.057500
1 0.695000 0.792500 0.030000 0.055000
1 0.668333 0.792500 0.033333 0.085000
1 0.629167 0.806250 0.035000 0.087500
0 0.080833 0.025000 0.128333 0.050000
0 0.270833 0.087500 0.081667 0.085000
0 0.255833 0.036250 0.071667 0.067500
1 0.101667 0.116250 0.043333 0.062500
1 0.242500 0.473750 0.065000 0.082500
1 0.470833 0.585000 0.041667 0.060000