0 0.055000 0.519537 0.093333 0.051575
0 0.190833 0.373750 0.178333 0.092500
0 0.560833 0.100000 0.101667 0.100000
0 0.656667 0.185000 0.083333 0.205000
0 0.792500 0.146250 0.155000 0.127500
0 0.906667 0.045000 0.106667 0.090000
0 0.969167 0.095000 0.058333 0.050000
0 0.910833 0.725000 0.145000 0.250000
0 0.770000 0.458750 0.130000 0.267500
0 0.522500 0.387500 0.031667 0.190000
0 0.462500 0.297500 0.118333 0.120000
0 0.360833 0.522500 0.145000 0.120000
0 0.250833 0.505000 0.075000 0.070000
0 0.169167 0.533750 0.085000 0.172500
0 0.317500 0.618750 0.128333 0.112500
0 0.370000 0.733750 0.166667 0.092500
0 0.380833 0.922500 0.088333 0.150000
0 0.282500 0.841250 0.115000 0.187500
1 0.622500 0.031250 0.071667 0.062500
1 0.443333 0.365000 0.046667 0.070000
1 0.632500 0.585000 0.068333 0.130000