0 0.060833 0.303750 0.118333 0.127500
0 0.046667 0.053750 0.053333 0.107500
0 0.116667 0.087500 0.046667 0.130000
0 0.220833 0.033750 0.055000 0.067500
0 0.895833 0.047500 0.058333 0.095000
0 0.556667 0.377500 0.080000 0.220000
0 0.444167 0.372500 0.031667 0.125000
0 0.466667 0.378750 0.066667 0.242500
0 0.471667 0.592500 0.110000 0.115000
4 0.428333 0.535000 0.090000 0.130000
0 0.180000 0.283750 0.090000 0.262500
0 0.373333 0.281250 0.093333 0.137500
0 0.758333 0.468750 0.130000 0.257500
0 0.896667 0.332500 0.106667 0.075000
0 0.950000 0.602500 0.093333 0.245000
0 0.314167 0.722500 0.095000 0.185000
0 0.398333 0.613750 0.100000 0.067500
0 0.335000 0.502500 0.083333 0.095000
0 0.300833 0.431250 0.071667 0.062500
0 0.169167 0.555000 0.095000 0.210000
0 0.214167 0.782500 0.091667 0.130000
0 0.360833 0.887500 0.111667 0.155000
0 0.623333 0.780000 0.126667 0.100000
0 0.677500 0.925000 0.125000 0.135000
0 0.514167 0.188750 0.068333 0.107500
0 0.455000 0.123750 0.070000 0.172500
1 0.206667 0.491250 0.053333 0.087500
1 0.638333 0.555000 0.076667 0.100000