5 0.603900 0.624475 0.082033 0.088550
1 0.467183 0.594537 0.039067 0.039075
1 0.977342 0.173112 0.029683 0.059775
1 0.503317 0.657288 0.051167 0.072925
1 0.816017 0.972650 0.041400 0.041150
1 0.435150 0.690112 0.035933 0.045825
1 0.658783 0.806250 0.022267 0.042700
1 0.079667 0.124350 0.036867 0.037750
1 0.520908 0.767962 0.024617 0.068225
1 0.594725 0.820325 0.025383 0.038550
1 0.406642 0.289325 0.031250 0.046350
1 0.322558 0.919525 0.025983 0.040100
1 0.604492 0.625525 0.080083 0.086450
1 0.352842 0.181650 0.038483 0.047650
1 0.211525 0.499225 0.032417 0.042700
1 0.116725 0.651300 0.045850 0.059900
1 0.628508 0.819788 0.022650 0.059375
1 0.517200 0.082138 0.028133 0.043825
0 0.117500 0.155000 0.111667 0.075000
0 0.244167 0.077500 0.071667 0.065000
0 0.214167 0.093750 0.028333 0.187500
0 0.376667 0.060000 0.090000 0.100000
0 0.436667 0.118750 0.033333 0.212500
0 0.557500 0.033750 0.081667 0.052500
0 0.570833 0.096250 0.091667 0.077500
0 0.680000 0.101250 0.080000 0.097500
0 0.647500 0.162500 0.171667 0.045000
0 0.801667 0.143750 0.063333 0.147500
0 0.903333 0.226250 0.130000 0.047500
0 0.901667 0.192500 0.103333 0.090000
0 0.921667 0.303750 0.076667 0.137500
0 0.929167 0.426250 0.118333 0.147500
0 0.769167 0.440000 0.168333 0.100000
0 0.623333 0.407500 0.100000 0.075000
0 0.607500 0.222500 0.118333 0.060000
0 0.593333 0.285000 0.056667 0.130000
0 0.507500 0.321250 0.148333 0.117500
0 0.214167 0.332500 0.108333 0.165000
0 0.101667 0.341250 0.113333 0.152500
0 0.035000 0.407500 0.033333 0.150000
0 0.093333 0.488750 0.093333 0.122500
0 0.153333 0.652500 0.173333 0.135000
0 0.105833 0.873750 0.188333 0.097500
0 0.211667 0.875000 0.066667 0.230000
0 0.490833 0.941250 0.188333 0.037500
0 0.445000 0.896250 0.090000 0.147500
0 0.590833 0.892500 0.141667 0.120000
0 0.624167 0.936250 0.178333 0.052500
0 0.743333 0.921250 0.086667 0.067500
0 0.819167 0.835000 0.138333 0.110000
0 0.837500 0.713750 0.141667 0.077500
0 0.760000 0.572500 0.133333 0.135000
0 0.716667 0.721250 0.060000 0.157500
0 0.690000 0.828750 0.083333 0.112500
0 0.877500 0.931250 0.105000 0.077500