0 0.965625 0.266662 0.057817 0.064575
0 0.893358 0.067437 0.064850 0.139625
0 0.493950 0.894000 0.080867 0.133850
0 0.029425 0.933600 0.049050 0.027600
0 0.442767 0.352487 0.013667 0.034125
0 0.165292 0.338150 0.062017 0.247650
0 0.945708 0.156988 0.077350 0.155525
0 0.691992 0.741663 0.060550 0.022925
0 0.073642 0.180600 0.067750 0.142700
0 0.485742 0.188350 0.137117 0.121750
0 0.396592 0.023975 0.041217 0.054150
0 0.809167 0.506250 0.041667 0.252500
0 0.765833 0.433750 0.068333 0.172500
0 0.734167 0.278750 0.105000 0.152500
0 0.416667 0.648750 0.033333 0.137500
0 0.470000 0.633750 0.100000 0.132500
0 0.142500 0.581250 0.098333 0.177500
0 0.243333 0.736250 0.093333 0.137500
0 0.035833 0.383750 0.071667 0.137500
1 0.615000 0.236250 0.050000 0.082500
1 0.748333 0.075000 0.046667 0.065000
0 0.304167 0.457500 0.071667 0.095000
1 0.615000 0.715000 0.073333 0.080000