0 0.722658 0.723437 0.067183 0.170825
0 0.851567 0.126962 0.040633 0.142975
0 0.970308 0.503900 0.042183 0.021350
0 0.653325 0.649738 0.044917 0.055725
0 0.287500 0.053750 0.101667 0.107500
0 0.065833 0.040000 0.091667 0.075000
0 0.481667 0.190000 0.083333 0.220000
0 0.481667 0.382500 0.076667 0.145000
0 0.423333 0.313750 0.060000 0.142500
0 0.333333 0.338750 0.113333 0.137500
0 0.186667 0.342500 0.120000 0.125000
0 0.051667 0.405000 0.100000 0.150000
0 0.396667 0.788750 0.093333 0.122500
0 0.345833 0.892500 0.101667 0.085000
0 0.723333 0.558750 0.186667 0.067500
0 0.627500 0.426250 0.188333 0.097500
0 0.897500 0.321250 0.135000 0.212500
0 0.934167 0.362500 0.058333 0.175000
0 0.715833 0.288750 0.105000 0.132500
0 0.645000 0.910000 0.110000 0.160000
0 0.498333 0.800000 0.086667 0.140000
0 0.535833 0.581250 0.141667 0.132500
0 0.560833 0.618750 0.061667 0.122500
1 0.036667 0.613750 0.056667 0.072500
1 0.222500 0.705000 0.068333 0.070000
1 0.373333 0.702500 0.060000 0.075000
1 0.470000 0.505000 0.066667 0.060000
1 0.501667 0.555000 0.060000 0.050000
1 0.590833 0.691250 0.065000 0.082500
1 0.878333 0.490000 0.063333 0.080000
0 0.905833 0.563750 0.101667 0.112500
4 0.947500 0.916250 0.088333 0.162500
1 0.365833 0.450000 0.045000 0.060000