0 0.185833 0.187500 0.095000 0.135000
0 0.096667 0.295000 0.053333 0.135000
0 0.100833 0.398750 0.175000 0.137500
0 0.175000 0.388750 0.120000 0.092500
0 0.085000 0.408750 0.113333 0.092500
0 0.596667 0.062500 0.106667 0.065000
0 0.955000 0.045000 0.086667 0.090000
0 0.944167 0.127500 0.105000 0.050000
0 0.905833 0.191250 0.061667 0.077500
0 0.765833 0.231250 0.058333 0.137500
0 0.813333 0.143750 0.060000 0.137500
0 0.664167 0.305000 0.105000 0.175000
0 0.630833 0.478750 0.105000 0.177500
0 0.551667 0.507500 0.120000 0.110000
0 0.675000 0.573750 0.070000 0.197500
0 0.912500 0.578750 0.118333 0.192500
0 0.908333 0.541250 0.050000 0.222500
0 0.452500 0.032500 0.085000 0.080000
0 0.264167 0.606250 0.145000 0.082500
0 0.201667 0.816250 0.103333 0.122500
0 0.325833 0.857500 0.058333 0.220000
0 0.437500 0.775000 0.091667 0.210000
0 0.865000 0.763750 0.183333 0.137500
0 0.775833 0.915000 0.138333 0.120000
0 0.572500 0.960000 0.058333 0.070000
0 0.570000 0.915000 0.046667 0.050000
0 0.570000 0.837500 0.066667 0.085000
0 0.926667 0.862500 0.130000 0.190000
1 0.315833 0.392500 0.041667 0.095000
1 0.457500 0.117500 0.055000 0.070000
1 0.480000 0.170000 0.060000 0.075000
1 0.517500 0.212500 0.051667 0.080000
1 0.530833 0.392500 0.068333 0.100000
1 0.835000 0.498750 0.056667 0.097500
1 0.769167 0.957500 0.051667 0.065000
1 0.623333 0.743750 0.053333 0.097500
4 0.106667 0.752500 0.086667 0.190000
1 0.500833 0.957500 0.058333 0.070000