0 0.062500 0.166250 0.105000 0.252500
0 0.052500 0.283750 0.048333 0.067500
0 0.130833 0.295000 0.185000 0.090000
0 0.188333 0.306250 0.126667 0.307500
0 0.135833 0.570000 0.098333 0.180000
0 0.249167 0.538750 0.055000 0.117500
0 0.306667 0.452500 0.073333 0.070000
0 0.344167 0.282500 0.075000 0.190000
0 0.444167 0.365000 0.068333 0.150000
0 0.530000 0.388750 0.086667 0.237500
0 0.903333 0.097500 0.076667 0.195000
0 0.800833 0.292500 0.135000 0.105000
0 0.800000 0.490000 0.063333 0.275000
0 0.844167 0.680000 0.208333 0.105000
0 0.420000 0.557500 0.083333 0.190000
0 0.468333 0.592500 0.096667 0.135000
0 0.485000 0.855000 0.086667 0.150000
0 0.942500 0.961250 0.061667 0.062500
0 0.476667 0.170000 0.170000 0.135000
1 0.615833 0.207500 0.078333 0.085000
1 0.200833 0.676250 0.065000 0.072500
1 0.620000 0.680000 0.093333 0.100000
0 0.683333 0.588750 0.073333 0.072500
1 0.749167 0.065000 0.045000 0.045000