0 0.096667 0.133750 0.133333 0.192500
0 0.069167 0.248750 0.078333 0.177500
0 0.070000 0.350000 0.053333 0.100000
0 0.063333 0.455000 0.126667 0.145000
0 0.226667 0.325000 0.073333 0.150000
0 0.270833 0.305000 0.121667 0.075000
0 0.225833 0.326250 0.178333 0.152500
0 0.765833 0.210000 0.101667 0.200000
0 0.908333 0.172500 0.143333 0.080000
0 0.874167 0.427500 0.115000 0.140000
0 0.974167 0.460000 0.048333 0.070000
0 0.610833 0.396250 0.108333 0.087500
0 0.085833 0.567500 0.081667 0.135000
0 0.113333 0.667500 0.093333 0.150000
0 0.218333 0.761250 0.110000 0.317500
0 0.520000 0.816250 0.100000 0.067500
0 0.685833 0.876250 0.075000 0.182500
0 0.704167 0.740000 0.101667 0.120000
0 0.565833 0.693750 0.075000 0.167500
4 0.336667 0.531250 0.103333 0.157500
1 0.411667 0.396250 0.043333 0.067500
1 0.507500 0.106250 0.048333 0.052500
1 0.214167 0.158750 0.045000 0.057500
1 0.318333 0.405000 0.040000 0.085000
1 0.827500 0.920000 0.058333 0.065000
1 0.585833 0.838750 0.048333 0.067500
1 0.022500 0.301250 0.045000 0.057500
1 0.705833 0.638750 0.045000 0.077500
1 0.675833 0.262500 0.061667 0.085000
1 0.778333 0.350000 0.046667 0.070000
0 0.763333 0.633750 0.053333 0.062500
0 0.974167 0.743750 0.048333 0.132500
1 0.346667 0.120000 0.046667 0.055000