0 0.466667 0.322500 0.130000 0.095000
0 0.805000 0.171250 0.156667 0.122500
0 0.905000 0.042500 0.063333 0.085000
0 0.767500 0.461250 0.128333 0.267500
0 0.831667 0.470000 0.103333 0.200000
0 0.960000 0.040000 0.076667 0.080000
0 0.187500 0.320000 0.118333 0.240000
0 0.085000 0.390000 0.143333 0.070000
0 0.167500 0.506250 0.105000 0.087500
0 0.085000 0.522500 0.143333 0.120000
0 0.189167 0.577500 0.051667 0.065000
0 0.280000 0.580000 0.160000 0.080000
0 0.293333 0.612500 0.133333 0.085000
0 0.374167 0.707500 0.148333 0.125000
0 0.428333 0.845000 0.103333 0.165000
0 0.345833 0.910000 0.088333 0.155000
0 0.257500 0.913750 0.075000 0.112500
0 0.231667 0.752500 0.076667 0.095000
0 0.902500 0.773750 0.145000 0.272500
1 0.625833 0.587500 0.058333 0.105000
1 0.635833 0.053750 0.078333 0.092500
0 0.504167 0.483750 0.091667 0.157500