1 0.049167 0.250000 0.051667 0.065000
1 0.336667 0.423750 0.043333 0.087500
1 0.606667 0.810000 0.063333 0.100000
1 0.852500 0.893750 0.048333 0.092500
1 0.745000 0.600000 0.033333 0.080000
1 0.980000 0.325000 0.036667 0.070000
1 0.818333 0.311250 0.046667 0.077500
1 0.258333 0.185000 0.040000 0.055000
1 0.522500 0.072500 0.058333 0.085000
0 0.113333 0.275000 0.133333 0.210000
0 0.127500 0.087500 0.148333 0.150000
0 0.340833 0.046250 0.135000 0.087500
0 0.895000 0.151250 0.206667 0.217500
1 0.723333 0.203750 0.043333 0.072500
0 0.755833 0.173750 0.038333 0.202500
0 0.598333 0.385000 0.126667 0.130000
0 0.090000 0.431250 0.130000 0.112500
0 0.080000 0.452500 0.106667 0.135000
0 0.276667 0.677500 0.130000 0.300000
0 0.945833 0.406250 0.091667 0.137500
0 0.762500 0.861250 0.125000 0.077500
0 0.304167 0.928750 0.118333 0.122500
4 0.415000 0.440000 0.093333 0.140000