0 0.904308 0.250975 0.189850 0.067850
0 0.843750 0.111612 0.078133 0.048625
0 0.579692 0.385688 0.129683 0.022925
0 0.863483 0.932025 0.129300 0.122400
0 0.817967 0.170025 0.190633 0.084950
0 0.944525 0.448950 0.104683 0.053650
0 0.717383 0.425000 0.048833 0.030200
0 0.031367 0.411187 0.064733 0.077075
0 0.238175 0.341025 0.065817 0.060150
0 0.408908 0.659250 0.176750 0.139850
0 0.832425 0.845050 0.102350 0.053650
0 0.580083 0.095713 0.032033 0.055475
0 0.044200 0.767700 0.084367 0.043750
0 0.026075 0.273300 0.051283 0.145050
0 0.356158 0.944012 0.063483 0.026575
0 0.928917 0.306125 0.026567 0.060150
0 0.149242 0.652087 0.146050 0.139575
0 0.865233 0.979175 0.103900 0.030200
0 0.656250 0.104688 0.073433 0.085425
0 0.269342 0.656250 0.144917 0.051050
0 0.677742 0.462125 0.114850 0.018500
0 0.878900 0.940375 0.098433 0.103650
0 0.136042 0.293737 0.053717 0.070825
0 0.819333 0.154912 0.197267 0.120375
0 0.875383 0.171912 0.080467 0.079875
0 0.739458 0.727087 0.027350 0.109375
0 0.565425 0.313937 0.167583 0.066925
0 0.236725 0.040288 0.032817 0.084925
0 0.579292 0.879437 0.136717 0.076575
0 0.057892 0.043025 0.112917 0.084650
0 0.660150 0.283075 0.085933 0.126050
0 0.606058 0.142400 0.028517 0.108650
0 0.623442 0.928375 0.035150 0.133850
0 0.212067 0.903637 0.048933 0.170825
0 0.755850 0.561475 0.073433 0.088550
5 0.610750 0.621625 0.079300 0.085950
0 0.476667 0.931250 0.096667 0.082500
0 0.675833 0.926250 0.108333 0.082500
0 0.250000 0.087500 0.126667 0.085000
0 0.105000 0.163750 0.130000 0.087500
0 0.131667 0.106250 0.063333 0.117500
0 0.650000 0.255000 0.093333 0.170000
0 0.799167 0.672500 0.108333 0.135000
0 0.658333 0.567500 0.076667 0.110000
1 0.686667 0.797500 0.046667 0.085000
1 0.655000 0.800000 0.030000 0.090000
1 0.622500 0.798750 0.038333 0.082500
4 0.523333 0.642500 0.046667 0.095000
1 0.466667 0.595000 0.036667 0.050000