0 0.931642 0.255088 0.124217 0.136725
0 0.780675 0.691925 0.037117 0.122400
0 0.786325 0.926312 0.064850 0.131775
0 0.443367 0.969262 0.125000 0.040625
0 0.027850 0.672650 0.052700 0.041150
0 0.233992 0.518750 0.092583 0.138550
0 0.621475 0.530612 0.047650 0.105475
0 0.161433 0.170450 0.113867 0.027350
0 0.389642 0.602100 0.033983 0.076050
0 0.072625 0.704175 0.099650 0.156250
0 0.262992 0.898438 0.085350 0.178125
0 0.353517 0.571225 0.039067 0.106500
0 0.639850 0.025225 0.039067 0.046900
0 0.775192 0.432950 0.174617 0.129950
0 0.373233 0.424088 0.106633 0.196625
0 0.566408 0.916150 0.106250 0.156250
0 0.019292 0.031312 0.038317 0.061975
0 0.694333 0.684125 0.052733 0.054700
0 0.788475 0.096037 0.017583 0.072525
0 0.901183 0.276162 0.058600 0.091925
0 0.115833 0.475000 0.155000 0.155000
0 0.193333 0.267500 0.120000 0.080000
0 0.475000 0.876250 0.090000 0.127500
1 0.455833 0.643750 0.055000 0.112500
4 0.530833 0.666250 0.071667 0.072500
4 0.372500 0.856250 0.058333 0.107500
4 0.695000 0.852500 0.076667 0.105000
4 0.954167 0.502500 0.051667 0.105000
1 0.294167 0.261250 0.078333 0.067500
1 0.792500 0.030000 0.065000 0.055000
1 0.969167 0.123750 0.041667 0.072500
1 0.922500 0.132500 0.048333 0.080000
1 0.540000 0.075000 0.066667 0.085000
1 0.328333 0.023750 0.070000 0.047500