0 0.936725 0.609125 0.042183 0.053650
0 0.136042 0.572275 0.061917 0.145050
0 0.291983 0.322262 0.103900 0.082025
0 0.803900 0.501188 0.023433 0.234125
0 0.431825 0.127675 0.200383 0.135250
0 0.169167 0.330000 0.085000 0.260000
0 0.413333 0.460000 0.053333 0.230000
0 0.322500 0.757500 0.088333 0.215000
0 0.104167 0.920000 0.128333 0.130000
0 0.850833 0.435000 0.075000 0.075000
0 0.809167 0.137500 0.108333 0.165000
0 0.913333 0.086250 0.066667 0.162500
0 0.679167 0.127500 0.065000 0.075000
0 0.926667 0.921250 0.093333 0.152500
0 0.063333 0.212500 0.046667 0.080000
0 0.577500 0.293750 0.111667 0.137500
0 0.683333 0.518750 0.086667 0.087500
1 0.748333 0.028750 0.043333 0.047500
1 0.615833 0.168750 0.051667 0.077500
1 0.191667 0.672500 0.050000 0.095000
1 0.617500 0.651250 0.071667 0.102500
4 0.413333 0.907500 0.120000 0.145000