0 0.385833 0.122500 0.155000 0.155000
0 0.165833 0.357500 0.155000 0.175000
0 0.168333 0.358750 0.083333 0.122500
0 0.219167 0.355000 0.111667 0.055000
0 0.038333 0.346250 0.066667 0.197500
0 0.573333 0.452500 0.116667 0.090000
0 0.053333 0.483750 0.106667 0.107500
0 0.040833 0.481250 0.081667 0.062500
0 0.025000 0.677500 0.030000 0.045000
0 0.147500 0.847500 0.075000 0.180000
0 0.550833 0.756250 0.158333 0.057500
0 0.500000 0.747500 0.100000 0.150000
0 0.633333 0.910000 0.066667 0.150000
0 0.702500 0.865000 0.035000 0.150000
0 0.889167 0.823750 0.145000 0.152500
0 0.403333 0.827500 0.103333 0.145000
0 0.956667 0.651250 0.046667 0.182500
0 0.969167 0.830000 0.055000 0.095000
0 0.775833 0.498750 0.175000 0.167500
0 0.684167 0.307500 0.088333 0.140000
1 0.324167 0.402500 0.055000 0.080000
0 0.695000 0.573750 0.130000 0.152500
1 0.622500 0.331250 0.068333 0.077500
1 0.650000 0.701250 0.076667 0.092500
1 0.537500 0.925000 0.051667 0.090000
1 0.803333 0.930000 0.053333 0.080000
1 0.038333 0.651250 0.040000 0.067500
4 0.240000 0.646250 0.086667 0.182500
1 0.344167 0.496250 0.051667 0.052500
1 0.906667 0.442500 0.066667 0.090000
1 0.225000 0.796250 0.040000 0.072500