0 0.057500 0.173750 0.101667 0.232500
0 0.261667 0.245000 0.140000 0.100000
0 0.170833 0.373750 0.075000 0.212500
0 0.024167 0.447500 0.048333 0.220000
0 0.083333 0.495000 0.113333 0.170000
0 0.145833 0.585000 0.108333 0.210000
0 0.212500 0.787500 0.108333 0.100000
0 0.485833 0.840000 0.081667 0.160000
0 0.453333 0.387500 0.053333 0.145000
0 0.425000 0.531250 0.056667 0.202500
0 0.466667 0.585000 0.066667 0.115000
0 0.533333 0.400000 0.070000 0.215000
0 0.575833 0.363750 0.098333 0.112500
0 0.828333 0.227500 0.063333 0.185000
0 0.918333 0.142500 0.056667 0.110000
0 0.471667 0.172500 0.150000 0.165000
0 0.798333 0.502500 0.043333 0.275000
0 0.909167 0.638750 0.168333 0.082500
0 0.298333 0.458750 0.063333 0.072500
1 0.616667 0.202500 0.056667 0.085000
1 0.620000 0.667500 0.073333 0.105000
4 0.415000 0.927500 0.096667 0.120000
0 0.945000 0.931250 0.030000 0.082500
1 0.749167 0.060000 0.061667 0.060000