0 0.126667 0.488750 0.140000 0.197500
0 0.245833 0.501250 0.091667 0.172500
0 0.376667 0.430000 0.140000 0.260000
0 0.285000 0.287500 0.116667 0.105000
0 0.758333 0.428750 0.203333 0.182500
0 0.956667 0.230000 0.083333 0.130000
0 0.820000 0.686250 0.186667 0.187500
0 0.860000 0.665000 0.163333 0.110000
0 0.620833 0.527500 0.078333 0.170000
0 0.563333 0.838750 0.156667 0.192500
0 0.531667 0.846250 0.116667 0.162500
0 0.253333 0.890000 0.166667 0.215000
0 0.065000 0.733750 0.130000 0.112500
1 0.463333 0.638750 0.046667 0.112500
1 0.370000 0.858750 0.060000 0.097500
4 0.745000 0.477500 0.060000 0.055000
4 0.530000 0.661250 0.060000 0.077500
4 0.951667 0.497500 0.050000 0.085000
4 0.690000 0.852500 0.066667 0.105000
1 0.968333 0.122500 0.043333 0.065000
1 0.927500 0.112500 0.045000 0.085000
1 0.790000 0.037500 0.073333 0.075000
1 0.536667 0.061250 0.073333 0.077500
1 0.281667 0.250000 0.056667 0.065000
0 0.270000 0.406250 0.093333 0.132500
0 0.466667 0.963750 0.126667 0.067500