0 0.012500 0.162500 0.018333 0.170000
0 0.344167 0.092500 0.151667 0.090000
0 0.425000 0.148750 0.056667 0.117500
0 0.435833 0.283750 0.145000 0.107500
0 0.406667 0.376250 0.060000 0.192500
0 0.345000 0.438750 0.100000 0.142500
0 0.285833 0.462500 0.058333 0.225000
0 0.210000 0.348750 0.066667 0.207500
0 0.076667 0.398750 0.120000 0.147500
0 0.095000 0.526250 0.140000 0.112500
0 0.900833 0.346250 0.045000 0.127500
0 0.890000 0.360000 0.120000 0.180000
0 0.918333 0.187500 0.113333 0.085000
0 0.750833 0.161250 0.085000 0.212500
0 0.939167 0.587500 0.111667 0.085000
0 0.670833 0.801250 0.175000 0.107500
0 0.409167 0.852500 0.141667 0.075000
0 0.416667 0.953750 0.066667 0.087500
1 0.406667 0.632500 0.060000 0.105000
1 0.464167 0.632500 0.068333 0.080000
1 0.166667 0.113750 0.066667 0.052500
3 0.485000 0.136250 0.030000 0.067500
1 0.844167 0.565000 0.045000 0.090000
1 0.547500 0.780000 0.055000 0.100000
1 0.149167 0.785000 0.055000 0.075000
1 0.266667 0.608750 0.056667 0.072500
1 0.356667 0.793750 0.056667 0.077500
0 0.683333 0.641250 0.193333 0.097500