0 0.965633 0.716938 0.050000 0.020325
0 0.412117 0.897137 0.019533 0.164075
0 0.909775 0.871888 0.027350 0.122925
0 0.844525 0.029550 0.031250 0.059450
0 0.522858 0.835425 0.028517 0.073950
0 0.511325 0.952600 0.059383 0.037500
0 0.446675 0.761725 0.030083 0.041150
0 0.685933 0.699738 0.135933 0.024475
0 0.252142 0.202775 0.031250 0.246550
0 0.059200 0.739337 0.038033 0.089075
0 0.785167 0.093850 0.101567 0.158400
0 0.644533 0.698187 0.053133 0.018225
0 0.100000 0.076250 0.060000 0.087500
0 0.072500 0.257500 0.138333 0.125000
0 0.104167 0.520000 0.128333 0.180000
0 0.693333 0.420000 0.070000 0.200000
0 0.535000 0.598750 0.060000 0.077500
0 0.195000 0.891250 0.030000 0.162500
1 0.470000 0.618750 0.050000 0.082500
0 0.629167 0.535000 0.081667 0.070000
0 0.716667 0.580000 0.066667 0.085000
0 0.771667 0.497500 0.083333 0.105000
0 0.542500 0.098750 0.065000 0.107500
0 0.594167 0.055000 0.085000 0.100000
0 0.642500 0.031250 0.101667 0.057500
0 0.674167 0.136250 0.098333 0.132500
0 0.943333 0.105000 0.110000 0.115000
0 0.978333 0.315000 0.036667 0.075000
0 0.291667 0.076250 0.050000 0.082500