0 0.208333 0.093750 0.180000 0.132500
0 0.139167 0.157500 0.081667 0.070000
0 0.238333 0.185000 0.143333 0.065000
0 0.288333 0.223750 0.110000 0.187500
0 0.380833 0.086250 0.041667 0.112500
0 0.450000 0.158750 0.083333 0.117500
0 0.470833 0.327500 0.135000 0.135000
0 0.618333 0.333750 0.133333 0.172500
0 0.732500 0.123750 0.081667 0.152500
0 0.846667 0.285000 0.073333 0.110000
0 0.962500 0.690000 0.055000 0.160000
0 0.964167 0.798750 0.055000 0.032500
0 0.856667 0.645000 0.120000 0.225000
0 0.810000 0.720000 0.106667 0.115000
0 0.709167 0.603750 0.131667 0.087500
0 0.685833 0.566250 0.088333 0.167500
0 0.729167 0.620000 0.111667 0.140000
0 0.091667 0.368750 0.090000 0.162500
0 0.095833 0.285000 0.041667 0.070000
0 0.057500 0.242500 0.111667 0.090000
0 0.169167 0.491250 0.068333 0.082500
0 0.288333 0.483750 0.130000 0.142500
0 0.322500 0.378750 0.165000 0.122500
0 0.435000 0.570000 0.146667 0.080000
0 0.361667 0.701250 0.100000 0.127500
0 0.406667 0.683750 0.046667 0.152500
0 0.437500 0.711250 0.141667 0.167500
0 0.038333 0.610000 0.070000 0.060000
0 0.681667 0.848750 0.063333 0.137500
0 0.690833 0.943750 0.105000 0.067500
0 0.984167 0.967500 0.028333 0.060000
0 0.135000 0.911250 0.076667 0.092500
0 0.280000 0.925000 0.180000 0.135000
0 0.295000 0.792500 0.140000 0.165000
0 0.340833 0.866250 0.151667 0.127500
0 0.528333 0.633750 0.086667 0.097500
1 0.853333 0.400000 0.060000 0.080000
1 0.394167 0.465000 0.041667 0.030000
4 0.495000 0.232500 0.063333 0.125000