0 0.470833 0.281250 0.128333 0.102500
0 0.639167 0.201250 0.148333 0.117500
0 0.396667 0.173750 0.080000 0.132500
0 0.470833 0.066250 0.085000 0.112500
0 0.828333 0.097500 0.120000 0.100000
0 0.836667 0.258750 0.076667 0.172500
0 0.907500 0.498750 0.128333 0.082500
0 0.940000 0.441250 0.033333 0.237500
0 0.572500 0.307500 0.128333 0.125000
0 0.420833 0.416250 0.145000 0.072500
0 0.265833 0.425000 0.105000 0.115000
0 0.297500 0.546250 0.148333 0.147500
0 0.136667 0.486250 0.033333 0.147500
0 0.098333 0.360000 0.026667 0.060000
0 0.660833 0.562500 0.111667 0.095000
0 0.909167 0.653750 0.141667 0.087500
0 0.173333 0.408750 0.076667 0.062500
0 0.160000 0.742500 0.070000 0.215000
0 0.042500 0.738750 0.081667 0.152500
0 0.258333 0.932500 0.120000 0.075000
0 0.859167 0.796250 0.121667 0.152500
0 0.976667 0.918750 0.030000 0.157500
0 0.665000 0.717500 0.076667 0.120000
0 0.543333 0.768750 0.123333 0.102500
0 0.555833 0.947500 0.101667 0.085000
1 0.396667 0.926250 0.080000 0.112500