0 0.265833 0.191250 0.218333 0.117500
0 0.537500 0.028750 0.138333 0.052500
0 0.752500 0.043750 0.111667 0.057500
0 0.075000 0.120000 0.080000 0.140000
0 0.042500 0.251250 0.085000 0.047500
0 0.051667 0.301250 0.086667 0.082500
0 0.220000 0.365000 0.183333 0.110000
0 0.035000 0.430000 0.050000 0.050000
0 0.047500 0.515000 0.095000 0.110000
0 0.487500 0.401250 0.171667 0.267500
0 0.490000 0.467500 0.050000 0.140000
0 0.723333 0.442500 0.103333 0.155000
0 0.729167 0.506250 0.101667 0.087500
0 0.852500 0.451250 0.168333 0.137500
0 0.865000 0.683750 0.126667 0.157500
0 0.531667 0.643750 0.120000 0.177500
0 0.525833 0.808750 0.055000 0.262500
0 0.690000 0.738750 0.110000 0.222500
0 0.815833 0.837500 0.135000 0.055000
0 0.820833 0.790000 0.121667 0.075000
0 0.715000 0.940000 0.093333 0.115000
0 0.144167 0.813750 0.061667 0.247500
0 0.182500 0.903750 0.065000 0.187500
0 0.114167 0.645000 0.155000 0.130000
0 0.088333 0.692500 0.080000 0.150000
0 0.015833 0.773750 0.025000 0.152500
0 0.344167 0.342500 0.121667 0.115000