4 0.393658 0.536450 0.131450 0.168750
0 0.295833 0.177500 0.131667 0.175000
0 0.312500 0.195000 0.081667 0.195000
0 0.375000 0.215000 0.050000 0.190000
0 0.455000 0.277500 0.110000 0.205000
0 0.573333 0.420000 0.123333 0.190000
0 0.731667 0.443750 0.136667 0.192500
0 0.752500 0.435000 0.155000 0.110000
0 0.060000 0.550000 0.080000 0.160000
0 0.064167 0.521250 0.085000 0.072500
0 0.270000 0.445000 0.106667 0.150000
0 0.172500 0.708750 0.128333 0.217500
0 0.391667 0.656250 0.086667 0.052500
0 0.485833 0.610000 0.068333 0.140000
0 0.470833 0.700000 0.051667 0.130000
0 0.610000 0.863750 0.143333 0.247500
0 0.668333 0.612500 0.096667 0.200000
0 0.714167 0.710000 0.051667 0.220000
0 0.912500 0.905000 0.045000 0.080000
0 0.929167 0.897500 0.101667 0.175000
0 0.168333 0.897500 0.056667 0.090000
0 0.411667 0.931250 0.043333 0.132500