4 0.414058 0.457037 0.100783 0.151575
0 0.037500 0.167500 0.068333 0.125000
0 0.115833 0.183750 0.101667 0.127500
0 0.143333 0.186250 0.096667 0.112500
0 0.254167 0.126250 0.078333 0.072500
0 0.237500 0.060000 0.088333 0.095000
0 0.308333 0.112500 0.070000 0.120000
0 0.521667 0.106250 0.040000 0.172500
0 0.558333 0.115000 0.063333 0.100000
0 0.641667 0.095000 0.100000 0.090000
0 0.636667 0.112500 0.080000 0.125000
0 0.779167 0.088750 0.151667 0.057500
0 0.773333 0.015000 0.056667 0.030000
0 0.904167 0.041250 0.065000 0.082500
0 0.815833 0.166250 0.131667 0.152500
0 0.949167 0.198750 0.095000 0.107500
0 0.937500 0.330000 0.091667 0.170000
0 0.912500 0.420000 0.078333 0.080000
0 0.770000 0.281250 0.043333 0.177500
0 0.831667 0.391250 0.046667 0.162500
0 0.586667 0.258750 0.180000 0.057500
0 0.635000 0.328750 0.093333 0.082500
0 0.660000 0.397500 0.123333 0.105000
0 0.655833 0.426250 0.068333 0.042500
0 0.618333 0.441250 0.140000 0.077500
0 0.611667 0.495000 0.090000 0.070000
0 0.718333 0.538750 0.113333 0.112500
0 0.690000 0.502500 0.083333 0.075000
0 0.688333 0.555000 0.066667 0.075000
0 0.739167 0.601250 0.098333 0.102500
0 0.633333 0.623750 0.030000 0.167500
0 0.566667 0.583750 0.063333 0.132500
0 0.396667 0.580000 0.056667 0.100000
0 0.330000 0.293750 0.050000 0.172500
0 0.245000 0.377500 0.106667 0.075000
0 0.198333 0.321250 0.153333 0.082500
0 0.195000 0.328750 0.070000 0.042500
0 0.147500 0.423750 0.148333 0.117500
0 0.081667 0.422500 0.093333 0.055000
0 0.295833 0.410000 0.058333 0.090000
0 0.283333 0.448750 0.090000 0.087500
0 0.324167 0.496250 0.101667 0.082500
0 0.465000 0.648750 0.116667 0.062500
0 0.406667 0.655000 0.046667 0.090000
0 0.407500 0.701250 0.131667 0.087500
0 0.342500 0.691250 0.115000 0.107500
0 0.512500 0.780000 0.061667 0.200000
0 0.555000 0.781250 0.090000 0.167500
0 0.675000 0.812500 0.123333 0.070000
0 0.825833 0.878750 0.061667 0.142500
0 0.895000 0.673750 0.080000 0.177500
0 0.951667 0.672500 0.073333 0.130000
0 0.277500 0.853750 0.158333 0.162500
0 0.217500 0.708750 0.101667 0.127500
0 0.138333 0.672500 0.100000 0.115000
0 0.059167 0.721250 0.068333 0.142500
0 0.307500 0.878750 0.048333 0.087500
0 0.421667 0.916250 0.093333 0.092500
0 0.456667 0.871250 0.086667 0.077500
0 0.424167 0.938750 0.061667 0.082500