0 0.415833 0.093750 0.135000 0.117500
0 0.628333 0.241250 0.063333 0.217500
0 0.657500 0.381250 0.041667 0.212500
0 0.727500 0.307500 0.108333 0.105000
0 0.897500 0.247500 0.115000 0.130000
0 0.207500 0.493750 0.175000 0.057500
0 0.184167 0.517500 0.101667 0.045000
0 0.581667 0.500000 0.150000 0.045000
0 0.697500 0.521250 0.131667 0.147500
0 0.102500 0.632500 0.108333 0.195000
0 0.027500 0.373750 0.051667 0.082500
0 0.887500 0.713750 0.118333 0.107500
0 0.960833 0.795000 0.071667 0.055000
0 0.813333 0.525000 0.073333 0.150000
0 0.489167 0.842500 0.155000 0.125000
0 0.320000 0.690000 0.140000 0.125000
0 0.345000 0.200000 0.150000 0.110000
0 0.360000 0.392500 0.136667 0.130000