0 0.293333 0.057500 0.106667 0.110000
0 0.515833 0.675000 0.118333 0.165000
0 0.545833 0.381250 0.168333 0.137500
0 0.573333 0.211250 0.140000 0.112500
0 0.755833 0.170000 0.091667 0.190000
0 0.833333 0.408750 0.116667 0.292500
0 0.891667 0.513750 0.103333 0.167500
0 0.841667 0.725000 0.090000 0.195000
0 0.849167 0.902500 0.101667 0.175000
0 0.240833 0.673750 0.148333 0.107500
0 0.255000 0.746250 0.096667 0.097500
0 0.134167 0.775000 0.108333 0.195000
0 0.134167 0.482500 0.031667 0.210000
0 0.103333 0.406250 0.093333 0.142500
1 0.174167 0.413750 0.045000 0.072500
1 0.368333 0.720000 0.060000 0.070000
0 0.437500 0.783750 0.078333 0.102500