1 0.366217 0.725000 0.038667 0.044800
0 0.128333 0.348750 0.153333 0.147500
0 0.115833 0.416250 0.065000 0.202500
1 0.160833 0.415000 0.058333 0.080000
0 0.290833 0.613750 0.168333 0.117500
0 0.112500 0.785000 0.125000 0.180000
0 0.478333 0.621250 0.113333 0.172500
0 0.602500 0.420000 0.185000 0.140000
0 0.580833 0.216250 0.118333 0.112500
0 0.740833 0.135000 0.088333 0.205000
0 0.840000 0.386250 0.063333 0.287500
0 0.916667 0.460000 0.106667 0.155000
0 0.853333 0.736250 0.080000 0.182500
0 0.835833 0.847500 0.121667 0.200000
0 0.267500 0.051250 0.128333 0.102500