0 0.216667 0.088750 0.090000 0.062500
0 0.180833 0.127500 0.108333 0.075000
0 0.266667 0.173750 0.060000 0.082500
0 0.355833 0.053750 0.055000 0.107500
0 0.678333 0.167500 0.136667 0.110000
0 0.785000 0.177500 0.073333 0.205000
0 0.658333 0.293750 0.066667 0.122500
0 0.565833 0.313750 0.115000 0.107500
0 0.400000 0.265000 0.093333 0.095000
5 0.296667 0.265000 0.116667 0.110000
5 0.286667 0.348750 0.086667 0.077500
0 0.235000 0.400000 0.076667 0.080000
0 0.105000 0.458750 0.093333 0.117500
0 0.163333 0.677500 0.080000 0.145000
0 0.066667 0.701250 0.120000 0.092500
0 0.301667 0.706250 0.120000 0.172500
0 0.688333 0.666250 0.106667 0.132500
0 0.822500 0.580000 0.111667 0.060000
0 0.790833 0.557500 0.068333 0.295000
0 0.961667 0.695000 0.073333 0.130000
0 0.955000 0.100000 0.086667 0.060000
0 0.397500 0.433750 0.151667 0.117500