5 0.793558 0.484500 0.205083 0.178900
0 0.180000 0.311250 0.136667 0.122500
0 0.036667 0.422500 0.070000 0.075000
0 0.074167 0.460000 0.131667 0.055000
0 0.131667 0.678750 0.126667 0.162500
0 0.238333 0.695000 0.066667 0.150000
0 0.349167 0.610000 0.075000 0.180000
0 0.519167 0.738750 0.158333 0.092500
0 0.539167 0.832500 0.071667 0.135000
0 0.306667 0.905000 0.150000 0.170000
0 0.237500 0.956250 0.081667 0.082500
0 0.546667 0.375000 0.183333 0.065000
0 0.535000 0.300000 0.106667 0.075000
0 0.660000 0.155000 0.080000 0.095000
0 0.885000 0.212500 0.140000 0.150000
0 0.768333 0.345000 0.146667 0.080000
0 0.894167 0.650000 0.108333 0.080000
0 0.981667 0.735000 0.033333 0.275000
0 0.534167 0.577500 0.171667 0.120000
0 0.723333 0.668750 0.203333 0.142500
0 0.636667 0.601250 0.116667 0.032500